"STATION","DATE","LATITUDE","LONGITUDE","ELEVATION","NAME","PRCP","PRCP_ATTRIBUTES","SNWD","SNWD_ATTRIBUTES","TMAX","TMAX_ATTRIBUTES","TMIN","TMIN_ATTRIBUTES","TAVG","TAVG_ATTRIBUTES","TOBS","TOBS_ATTRIBUTES","WESD","WESD_ATTRIBUTES"
"USS0010F02S","2018-07-06","43.95","-110.45","2142.7","BASE CAMP, WY US","    0",",,T","    0",",,T","  294",",,T","   85",",,T","  179",",,T","  109",",,T","    0",",,T"
"USS0010F02S","2018-07-07","43.95","-110.45","2142.7","BASE CAMP, WY US","    0",",,T","    0",",,T","  282",",,T","   78",",,T","  171",",,T","  101",",,T","    0",",,T"
"USS0010F02S","2018-07-08","43.95","-110.45","2142.7","BASE CAMP, WY US","    0",",,T","    0",",,T","  289",",,T","   85",",,T","  178",",,T","  134",",,T","    0",",,T"
"USS0010F02S","2018-07-09","43.95","-110.45","2142.7","BASE CAMP, WY US","    0",",,T","    0",",,T","  298",",,T","  111",",,T","  179",",,T","  121",",,T","    0",",,T"
"USS0010F02S","2018-07-10","43.95","-110.45","2142.7","BASE CAMP, WY US","    0",",,T","    0",",,T","  270",",,T","   98",",,T","  167",",,T","  108",",,T","    0",",,T"
"USS0010F02S","2018-07-11","43.95","-110.45","2142.7","BASE CAMP, WY US","    0",",,T","    0",",,T","  276",",,T","   88",",,T","  166",",,T","  100",",,T","    0",",,T"
"USS0010F02S","2018-07-12","43.95","-110.45","2142.7","BASE CAMP, WY US","    0",",,T","    0",",,T","  270",",,T","   76",",,T","  159",",,T","   85",",,T","    0",",,T"
"USS0010F02S","2018-07-13","43.95","-110.45","2142.7","BASE CAMP, WY US","    0",",,T","    0",",,T","  280",",,T","   57",",,T","  161",",,T","   94",",,T","    0",",,T"
"USS0010F02S","2018-07-14","43.95","-110.45","2142.7","BASE CAMP, WY US","    0",",,T","    0",",,T","  263",",,T","   76",",,T","  158",",,T","   96",",,T","    0",",,T"
"USS0010F02S","2018-07-15","43.95","-110.45","2142.7","BASE CAMP, WY US","    0",",,T","    0",",,T","  280",",,T","   67",",,T","  167",",,T","  126",",,T","    0",",,T"
"USS0010F02S","2018-07-16","43.95","-110.45","2142.7","BASE CAMP, WY US","    0",",,T","    0",",,T","  272",",,T","   87",",,T","  158",",,T","   87",",,T","    0",",,T"
"USS0010F02S","2018-07-17","43.95","-110.45","2142.7","BASE CAMP, WY US","    0",",,T","    0",",,T","  233",",,T","   65",",,T","  138",",,T","   77",",,T","    0",",,T"
"USS0010F02S","2018-07-18","43.95","-110.45","2142.7","BASE CAMP, WY US","    0",",,T","    0",",,T","  271",",,T","   55",",,T","  159",",,T","  113",",,T","    0",",,T"
"USS0010F02S","2018-07-19","43.95","-110.45","2142.7","BASE CAMP, WY US","    0",",,T","    0",",,T","  273",",,T","   76",",,T","  159",",,T","   83",",,T","    0",",,T"
"USS0010F02S","2018-07-20","43.95","-110.45","2142.7","BASE CAMP, WY US","    0",",,T","    0",",,T","  285",",,T","   62",",,T","  165",",,T","  103",",,T","    0",",,T"
"USS0010F02S","2018-07-21","43.95","-110.45","2142.7","BASE CAMP, WY US","   25",",,T","    0",",,T","  238",",,T","   88",",,T","  141",",,T","   98",",,T","    0",",,T"
"USS0010F02S","2018-07-22","43.95","-110.45","2142.7","BASE CAMP, WY US","    0",",,T","    0",",,T","  270",",,T","   85",",,T","  159",",,T","   90",",,T","    0",",,T"
"USS0010F02S","2018-07-23","43.95","-110.45","2142.7","BASE CAMP, WY US","    0",",,T","    0",",,T","  265",",,T","   72",",,T","  155",",,T","   86",",,T","    0",",,T"
"USS0010F02S","2018-07-24","43.95","-110.45","2142.7","BASE CAMP, WY US","    0",",,T","    0",",,T","  286",",,T","   62",",,T","  160",",,T","  109",",,T","    0",",,T"
"USS0010F02S","2018-07-25","43.95","-110.45","2142.7","BASE CAMP, WY US","    0",",,T","    0",",,T","  252",",,T","   81",",,T","  145",",,T","   88",",,T","    0",",,T"
"USS0010F02S","2018-07-26","43.95","-110.45","2142.7","BASE CAMP, WY US","    0",",,T","    0",",,T","  270",",,T","   65",",,T","  151",",,T","  109",",,T","    0",",,T"
"USS0010F02S","2018-07-27","43.95","-110.45","2142.7","BASE CAMP, WY US","    0",",,T","    0",",,T","  268",",,T","   81",",,T","  157",",,T","   95",",,T","    0",",,T"
"USS0010F02S","2018-07-28","43.95","-110.45","2142.7","BASE CAMP, WY US","    0",",,T","    0",",,T","  247",",,T","   67",",,T","  142",",,T","   96",",,T","    0",",,T"
"USS0010F02S","2018-07-29","43.95","-110.45","2142.7","BASE CAMP, WY US","    0",",,T","    0",",,T","  246",",,T","   59",",,T","  146",",,T","   84",",,T","    0",",,T"
"USS0010F02S","2018-07-30","43.95","-110.45","2142.7","BASE CAMP, WY US","    0",",,T","    0",",,T","  261",",,T","   54",",,T","  144",",,T","   90",",,T","    0",",,T"
"USS0010F02S","2018-07-31","43.95","-110.45","2142.7","BASE CAMP, WY US","   51",",,T","    0",",,T","  282",",,T","   61",",,T","  164",",,T","  118",",,T","    0",",,T"
"USS0010F02S","2018-08-01","43.95","-110.45","2142.7","BASE CAMP, WY US","    0",",,T","    0",",,T","  286",",,T","  103",",,T","  167",",,T","  109",",,T","    0",",,T"
"USS0010F02S","2018-08-02","43.95","-110.45","2142.7","BASE CAMP, WY US","    0",",,T","    0",",,T","  272",",,T","   75",",,T","  151",",,T","   98",",,T","    0",",,T"
"USS0010F02S","2018-08-03","43.95","-110.45","2142.7","BASE CAMP, WY US","    0",",,T","    0",",,T","  251",",,T","   65",",,T","  149",",,T","   65",",,T","    0",",,T"
"USS0010F02S","2018-08-04","43.95","-110.45","2142.7","BASE CAMP, WY US","    0",",,T","    0",",,T","  232",",,T","   38",",,T","  127",",,T","   74",",,T","    0",",,T"
"USS0010F02S","2018-08-05","43.95","-110.45","2142.7","BASE CAMP, WY US","    0",",,T","    0",",,T","  211",",,T","   70",",,T","  128",",,T","   94",",,T","    0",",,T"
"USS0010F02S","2018-08-06","43.95","-110.45","2142.7","BASE CAMP, WY US","    0",",,T","    0",",,T","  241",",,T","   56",",,T","  136",",,T","   69",",,T","    0",",,T"
"USS0010F02S","2018-08-07","43.95","-110.45","2142.7","BASE CAMP, WY US","    0",",,T","    0",",,T","  266",",,T","   42",",,T","  144",",,T","   81",",,T","    0",",,T"
"USS0010F02S","2018-08-08","43.95","-110.45","2142.7","BASE CAMP, WY US","    0",",,T","    0",",,T","  279",",,T","   53",",,T","  156",",,T","  102",",,T","    0",",,T"
"USS0010F02S","2018-08-09","43.95","-110.45","2142.7","BASE CAMP, WY US","    0",",,T","    0",",,T","  302",",,T","   66",",,T","  171",",,T","  114",",,T","    0",",,T"
"USS0010F02S","2018-08-10","43.95","-110.45","2142.7","BASE CAMP, WY US","    0",",,T","    0",",,T","  316",",,T","   86",",,T","  182",",,T","  114",",,T","    0",",,T"
"USS0010F02S","2018-08-11","43.95","-110.45","2142.7","BASE CAMP, WY US","    0",",,T","    0",",,T","  321",",,T","   94",",,T","  188",",,T","  122",",,T","    0",",,T"
"USS0010F02S","2018-08-12","43.95","-110.45","2142.7","BASE CAMP, WY US","    0",",,T","    0",",,T","  295",",,T","   77",",,T","  179",",,T","  124",",,T","    0",",,T"
"USS0010F02S","2018-08-13","43.95","-110.45","2142.7","BASE CAMP, WY US","    0",",,T","    0",",,T","  283",",,T","   94",",,T","  172",",,T","  104",",,T","    0",",,T"
"USS0010F02S","2018-08-14","43.95","-110.45","2142.7","BASE CAMP, WY US","    0",",,T","    0",",,T","  252",",,T","   55",",,T","  149",",,T","   86",",,T","    0",",,T"
"USS0010F02S","2018-08-15","43.95","-110.45","2142.7","BASE CAMP, WY US","    0",",,T","    0",",,T","  274",",,T","   44",",,T","  145",",,T","   87",",,T","    0",",,T"
"USS0010F02S","2018-08-16","43.95","-110.45","2142.7","BASE CAMP, WY US","    0",",,T","    0",",,T","  278",",,T","   53",",,T","  160",",,T","  129",",,T","    0",",,T"
"USS0010F02S","2018-08-17","43.95","-110.45","2142.7","BASE CAMP, WY US","    0",",,T","    0",",,T","  274",",,T","   83",",,T","  171",",,T","  129",",,T","    0",",,T"
"USS0010F02S","2018-08-18","43.95","-110.45","2142.7","BASE CAMP, WY US","    0",",,T","    0",",,T","  215",",,T","   53",",,T","  131",",,T","   60",",,T","    0",",,T"
"USS0010F02S","2018-08-19","43.95","-110.45","2142.7","BASE CAMP, WY US","    0",",,T","    0",",,T","  242",",,T","   42",",,T","  126",",,T","   75",",,T","    0",",,T"
"USS0010F02S","2018-08-20","43.95","-110.45","2142.7","BASE CAMP, WY US","    0",",,T","    0",",,T","  181",",,T","   51",",,T","  105",",,T","   85",",,T","    0",",,T"
"USS0010F02S","2018-08-21","43.95","-110.45","2142.7","BASE CAMP, WY US","    0",",,T","    0",",,T","  234",",,T","   45",",,T","  128",",,T","   66",",,T","    0",",,T"
"USS0010F02S","2018-08-22","43.95","-110.45","2142.7","BASE CAMP, WY US","    0",",,T","    0",",,T","  174",",,T","   52",",,T","   96",",,T","   54",",,T","    0",",,T"
"USS0010F02S","2018-08-23","43.95","-110.45","2142.7","BASE CAMP, WY US","    0",",,T","    0",",,T","  211",",,T","   43",",,T","  111",",,T","   62",",,T","    0",",,T"
"USS0010F02S","2018-08-24","43.95","-110.45","2142.7","BASE CAMP, WY US","    0",",,T","    0",",,T","  241",",,T","   29",",,T","  118",",,T","   40",",,T","    0",",,T"
"USS0010F02S","2018-08-25","43.95","-110.45","2142.7","BASE CAMP, WY US","    0",",,T","    0",",,T","  231",",,T","   22",",,T","  115",",,T","   61",",,T","    0",",,T"
"USS0010F02S","2018-08-26","43.95","-110.45","2142.7","BASE CAMP, WY US","  102",",,T","    0",",,T","  187",",,T","   26",",,T","  105",",,T","   72",",,T","    0",",,T"
"USS0010F02S","2018-08-27","43.95","-110.45","2142.7","BASE CAMP, WY US","   76",",,T","    0",",,T","   85",",,T","   30",",,T","   57",",,T","   30",",,T","    0",",,T"
"USS0010F02S","2018-08-28","43.95","-110.45","2142.7","BASE CAMP, WY US","   76",",,T","    0",",,T","  156",",,T","   17",",,T","   65",",,T","   24",",,T","    0",",,T"
"USS0010F02S","2018-08-29","43.95","-110.45","2142.7","BASE CAMP, WY US","    0",",,T","    0",",,T","  210",",,T","    1",",,T","   91",",,T","   48",",,T","    0",",,T"
"USS0010F02S","2018-08-30","43.95","-110.45","2142.7","BASE CAMP, WY US","    0",",,T","    0",",,T","  237",",,T","   35",",,T","  120",",,T","   68",",,T","    0",",,T"
"USS0010F02S","2018-08-31","43.95","-110.45","2142.7","BASE CAMP, WY US","    0",",,T","    0",",,T","  212",",,T","   35",",,T","  108",",,T","   45",",,T","    0",",,T"
"USS0010F02S","2018-09-01","43.95","-110.45","2142.7","BASE CAMP, WY US","    0",",,T","    0",",,T","  213",",,T","   12",",,T","   99",",,T","   49",",,T","    0",",,T"
"USS0010F02S","2018-09-02","43.95","-110.45","2142.7","BASE CAMP, WY US","    0",",,T","    0",",,T","  228",",,T","   16",",,T","  104",",,T","   45",",,T","    0",",,T"
"USS0010F02S","2018-09-03","43.95","-110.45","2142.7","BASE CAMP, WY US","    0",",,T","    0",",,T","  231",",,T","   10",",,T","  107",",,T","   52",",,T","    0",",,T"
"USS0010F02S","2018-09-04","43.95","-110.45","2142.7","BASE CAMP, WY US","    0",",,T","    0",",,T","  239",",,T","   10",",,T","  112",",,T","   49",",,T","    0",",,T"
"USS0010F02S","2018-09-05","43.95","-110.45","2142.7","BASE CAMP, WY US","    0",",,T","    0",",,T","  252",",,T","   37",",,T","  126",",,T","   75",",,T","    0",",,T"
"USS0010F02S","2018-09-06","43.95","-110.45","2142.7","BASE CAMP, WY US","    0",",,T","    0",",,T","  263",",,T","   38",",,T","  136",",,T","  103",",,T","    0",",,T"
"USS0010F02S","2018-09-07","43.95","-110.45","2142.7","BASE CAMP, WY US","    0",",,T","    0",",,T","  253",",,T","   65",",,T","  142",",,T","   76",",,T","    0",",,T"
"USS0010F02S","2018-09-08","43.95","-110.45","2142.7","BASE CAMP, WY US","   25",",,T","    0",",,T","  248",",,T","   41",",,T","  123",",,T","   52",",,T","    0",",,T"
"USS0010F02S","2018-09-09","43.95","-110.45","2142.7","BASE CAMP, WY US","    0",",,T","    0",",,T","  222",",,T","   19",",,T","  107",",,T","   47",",,T","    0",",,T"
"USS0010F02S","2018-09-10","43.95","-110.45","2142.7","BASE CAMP, WY US","    0",",,T","    0",",,T","  240",",,T","   14",",,T","  113",",,T","   47",",,T","    0",",,T"
"USS0010F02S","2018-09-11","43.95","-110.45","2142.7","BASE CAMP, WY US","    0",",,T","    0",",,T","  223",",,T","   16",",,T","  105",",,T","   54",",,T","    0",",,T"
"USS0010F02S","2018-09-12","43.95","-110.45","2142.7","BASE CAMP, WY US","    0",",,T","    0",",,T","  209",",,T","   41",",,T","  112",",,T","   62",",,T","    0",",,T"
"USS0010F02S","2018-09-13","43.95","-110.45","2142.7","BASE CAMP, WY US","    0",",,T","    0",",,T","  181",",,T","   44",",,T","   95",",,T","   66",",,T","    0",",,T"
"USS0010F02S","2018-09-14","43.95","-110.45","2142.7","BASE CAMP, WY US","    0",",,T","    0",",,T","  218",",,T","   32",",,T","  113",",,T","   51",",,T","    0",",,T"
"USS0010F02S","2018-09-15","43.95","-110.45","2142.7","BASE CAMP, WY US","    0",",,T","    0",",,T","  249",",,T","   23",",,T","  138",",,T","   87",",,T","    0",",,T"
"USS0010F02S","2018-09-16","43.95","-110.45","2142.7","BASE CAMP, WY US","    0",",,T","    0",",,T","  228",",,T","   28",",,T","  116",",,T","   47",",,T","    0",",,T"
"USS0010F02S","2018-09-17","43.95","-110.45","2142.7","BASE CAMP, WY US","    0",",,T","    0",",,T","  225",",,T","    3",",,T","  102",",,T","   51",",,T","    0",",,T"
"USS0010F02S","2018-09-18","43.95","-110.45","2142.7","BASE CAMP, WY US","    0",",,T","    0",",,T","  229",",,T","   15",",,T","  106",",,T","   39",",,T","    0",",,T"
"USS0010F02S","2018-09-19","43.95","-110.45","2142.7","BASE CAMP, WY US","    0",",,T","    0",",,T","  224",",,T","    8",",,T","  100",",,T","   55",",,T","    0",",,T"
"USS0010F02S","2018-09-20","43.95","-110.45","2142.7","BASE CAMP, WY US","    0",",,T","    0",",,T","  148",",,T","   -3",",,T","   61",",,T","   -3",",,T","    0",",,T"
"USS0010F02S","2018-09-21","43.95","-110.45","2142.7","BASE CAMP, WY US","    0",",,T","    0",",,T","  195",",,T","  -21",",,T","   72",",,T","   33",",,T","    0",",,T"
"USS0010F02S","2018-09-22","43.95","-110.45","2142.7","BASE CAMP, WY US","    0",",,T","    0",",,T","  221",",,T","   -5",",,T","   96",",,T","   42",",,T","    0",",,T"
"USS0010F02S","2018-09-23","43.95","-110.45","2142.7","BASE CAMP, WY US","    0",",,T","    0",",,T","  174",",,T","   17",",,T","   96",",,T","   17",",,T","    0",",,T"
"USS0010F02S","2018-09-24","43.95","-110.45","2142.7","BASE CAMP, WY US","    0",",,T","    0",",,T","  109",",,T","  -23",",,T","   40",",,T","  -23",",,T","    0",",,T"
"USS0010F02S","2018-09-25","43.95","-110.45","2142.7","BASE CAMP, WY US","    0",",,T","    0",",,T","  143",",,T","  -42",",,T","   56",",,T","  -12",",,T","    0",",,T"
"USS0010F02S","2018-09-26","43.95","-110.45","2142.7","BASE CAMP, WY US","    0",",,T","    0",",,T","  159",",,T","  -36",",,T","   46",",,T","   -4",",,T","    0",",,T"
"USS0010F02S","2018-09-27","43.95","-110.45","2142.7","BASE CAMP, WY US","    0",",,T","    0",",,T","  169",",,T","  -13",",,T","   82",",,T","   72",",,T","    0",",,T"
"USS0010F02S","2018-09-28","43.95","-110.45","2142.7","BASE CAMP, WY US","    0",",,T","    0",",,T","  200",",,T","   15",",,T","   91",",,T","   50",",,T","    0",",,T"
"USS0010F02S","2018-09-29","43.95","-110.45","2142.7","BASE CAMP, WY US","    0",",,T","    0",",,T","  194",",,T","   15",",,T","  102",",,T","   93",",,T","    0",",,T"
"USS0010F02S","2018-09-30","43.95","-110.45","2142.7","BASE CAMP, WY US","    0",",,T","    0",",,T","  174",",,T","   15",",,T","   99",",,T","   15",",,T","    0",",,T"
"USS0010F02S","2018-10-01","43.95","-110.45","2142.7","BASE CAMP, WY US","   25",",,T","    0",",,T","  166",",,T","  -15",",,T","   74",",,T","   60",",,T","    0",",,T"
"USS0010F02S","2018-10-02","43.95","-110.45","2142.7","BASE CAMP, WY US","    0",",,T","    0",",,T","  184",",,T","   49",",,T","  107",",,T","  115",",,T","    0",",,T"
"USS0010F02S","2018-10-03","43.95","-110.45","2142.7","BASE CAMP, WY US","    0",",,T","    0",",,T","  166",",,T","   44",",,T","  110",",,T","   56",",,T","    0",",,T"
"USS0010F02S","2018-10-04","43.95","-110.45","2142.7","BASE CAMP, WY US","  102",",,T","    0",",,T","  102",",,T","   34",",,T","   67",",,T","   34",",,T","    0",",,T"
"USS0010F02S","2018-10-05","43.95","-110.45","2142.7","BASE CAMP, WY US","    0",",,T","    0",",,T","   62",",,T","  -17",",,T","   19",",,T","   -9",",,T","    0",",,T"
"USS0010F02S","2018-10-06","43.95","-110.45","2142.7","BASE CAMP, WY US","   25",",,T","    0",",,T","  100",",,T","   -9",",,T","   24",",,T","    6",",,T","    0",",,T"
"USS0010F02S","2018-10-07","43.95","-110.45","2142.7","BASE CAMP, WY US","    0",",,T","    0",",,T","   97",",,T","  -21",",,T","   30",",,T","  -19",",,T","    0",",,T"
"USS0010F02S","2018-10-08","43.95","-110.45","2142.7","BASE CAMP, WY US","    0",",,T","    0",",,T","  111",",,T","  -42",",,T","   18",",,T","   -4",",,T","    0",",,T"
"USS0010F02S","2018-10-09","43.95","-110.45","2142.7","BASE CAMP, WY US","    0",",,T","    0",",,T","   54",",,T","  -18",",,T","   12",",,T","  -18",",,T","    0",",,T"
"USS0010F02S","2018-10-10","43.95","-110.45","2142.7","BASE CAMP, WY US","   76",",,T","   76",",,T","   52",",,T","  -56",",,T","    1",",,T","    1",",,T","   76",",,T"
"USS0010F02S","2018-10-11","43.95","-110.45","2142.7","BASE CAMP, WY US","    0",",,T","   76",",,T","   44",",,T","  -47",",,T","    4",",,T","  -47",",,T","   51",",,T"
"USS0010F02S","2018-10-12","43.95","-110.45","2142.7","BASE CAMP, WY US","   51",",,T","   25",",,T","   92",",,T","  -58",",,T","   -1",",,T","  -14",",,T","   25",",,T"
"USS0010F02S","2018-10-13","43.95","-110.45","2142.7","BASE CAMP, WY US","    0",",,T","   25",",,T","   41",",,T","  -62",",,T","  -10",",,T","  -62",",,T","   25",",,T"
"USS0010F02S","2018-10-14","43.95","-110.45","2142.7","BASE CAMP, WY US","    0",",,T","   25",",,T","   20",",,T"," -103",",,T","  -47",",,T","  -83",",,T","   25",",,T"
"USS0010F02S","2018-10-15","43.95","-110.45","2142.7","BASE CAMP, WY US","   51",",,T","   25",",,T","   71",",,T"," -107",",,T","  -26",",,T","  -29",",,T","   51",",,T"
"USS0010F02S","2018-10-16","43.95","-110.45","2142.7","BASE CAMP, WY US","    0",",,T","   25",",,T","  127",",,T","  -54",",,T","   14",",,T","  -11",",,T","   51",",,T"
"USS0010F02S","2018-10-17","43.95","-110.45","2142.7","BASE CAMP, WY US","    0",",,T","   25",",,T","  145",",,T","  -26",",,T","   31",",,T","   -5",",,T","   25",",,T"
"USS0010F02S","2018-10-18","43.95","-110.45","2142.7","BASE CAMP, WY US","    0",",,T","    0",",,T","  132",",,T","  -25",",,T","   30",",,T","  -10",",,T","    0",",,T"
"USS0010F02S","2018-10-19","43.95","-110.45","2142.7","BASE CAMP, WY US","    0",",,T","    0",",,T","  140",",,T","  -21",",,T","   35",",,T","    2",",,T","    0",",,T"
"USS0010F02S","2018-10-20","43.95","-110.45","2142.7","BASE CAMP, WY US","    0",",,T","    0",",,T","  156",",,T","  -16",",,T","   45",",,T","   -2",",,T","    0",",,T"
"USS0010F02S","2018-10-21","43.95","-110.45","2142.7","BASE CAMP, WY US","    0",",,T","    0",",,T","  159",",,T","  -13",",,T","   48",",,T","    6",",,T","    0",",,T"
"USS0010F02S","2018-10-22","43.95","-110.45","2142.7","BASE CAMP, WY US","    0",",,T","    0",",,T","  157",",,T","  -15",",,T","   46",",,T","   -2",",,T","    0",",,T"
"USS0010F02S","2018-10-23","43.95","-110.45","2142.7","BASE CAMP, WY US","   25",",,T","    0",",,T","  115",",,T","   -5",",,T","   43",",,T","   40",",,T","    0",",,T"
"USS0010F02S","2018-10-24","43.95","-110.45","2142.7","BASE CAMP, WY US","   51",",,T","    0",",,T","   91",",,T","   -5",",,T","   41",",,T","   -5",",,T","    0",",,T"
"USS0010F02S","2018-10-25","43.95","-110.45","2142.7","BASE CAMP, WY US","    0",",,T","    0",",,T","   72",",,T","  -12",",,T","   16",",,T","    0",",,T","    0",",,T"
"USS0010F02S","2018-10-26","43.95","-110.45","2142.7","BASE CAMP, WY US","    0",",,T","    0",",,T","   91",",,T","  -13",",,T","   33",",,T","   29",",,T","    0",",,T"
"USS0010F02S","2018-10-27","43.95","-110.45","2142.7","BASE CAMP, WY US","    0",",,T","    0",",,T","  103",",,T","   27",",,T","   63",",,T","   42",",,T","    0",",,T"
"USS0010F02S","2018-10-28","43.95","-110.45","2142.7","BASE CAMP, WY US","    0",",,T","    0",",,T","  143",",,T","    0",",,T","   65",",,T","   51",",,T","    0",",,T"
"USS0010F02S","2018-10-29","43.95","-110.45","2142.7","BASE CAMP, WY US","   76",",,T","    0",",,T","   72",",,T","  -25",",,T","   21",",,T","  -25",",,T","    0",",,T"
"USS0010F02S","2018-10-30","43.95","-110.45","2142.7","BASE CAMP, WY US","    0",",,T","    0",",,T","   26",",,T","  -70",",,T","  -26",",,T","  -59",",,T","    0",",,T"
"USS0010F02S","2018-10-31","43.95","-110.45","2142.7","BASE CAMP, WY US","   25",",,T","   51",",,T","   17",",,T","  -78",",,T","  -28",",,T","  -12",",,T","  102",",,T"
"USS0010F02S","2018-11-01","43.95","-110.45","2142.7","BASE CAMP, WY US","   51",",,T","   51",",,T","   33",",,T","  -12",",,T","    8",",,T","   16",",,T","  127",",,T"
"USS0010F02S","2018-11-02","43.95","-110.45","2142.7","BASE CAMP, WY US","   76",",,T","   25",",,T","   65",",,T","   -1",",,T","   19",",,T","    2",",,T","   76",",,T"
"USS0010F02S","2018-11-03","43.95","-110.45","2142.7","BASE CAMP, WY US","    0",",,T","   25",",,T","   33",",,T","  -17",",,T","    6",",,T","   -1",",,T","   76",",,T"
"USS0010F02S","2018-11-04","43.95","-110.45","2142.7","BASE CAMP, WY US","  152",",,T","  178",",,T","   12",",,T","  -21",",,T","    1",",,T","  -17",",,T","  229",",,T"
"USS0010F02S","2018-11-05","43.95","-110.45","2142.7","BASE CAMP, WY US","   76",",,T","  279",",,T","   25",",,T","  -46",",,T","  -13",",,T","  -46",",,T","  279",",,T"
"USS0010F02S","2018-11-06","43.95","-110.45","2142.7","BASE CAMP, WY US","   25",",,T","  279",",,T","    6",",,T","  -51",",,T","  -28",",,T","  -44",",,T","  330",",,T"
"USS0010F02S","2018-11-07","43.95","-110.45","2142.7","BASE CAMP, WY US","   51",",,T","  254",",,T","   -2",",,T","  -87",",,T","  -49",",,T","  -69",",,T","  406",",,T"
"USS0010F02S","2018-11-08","43.95","-110.45","2142.7","BASE CAMP, WY US","    0",",,T","  254",",,T","  -18",",,T"," -131",",,T","  -74",",,T"," -130",",,T","  406",",,T"
"USS0010F02S","2018-11-09","43.95","-110.45","2142.7","BASE CAMP, WY US","    0",",,T","  229",",,T","  -10",",,T"," -155",",,T","  -88",",,T","  -70",",,T","  406",",,T"
"USS0010F02S","2018-11-10","43.95","-110.45","2142.7","BASE CAMP, WY US","    0",",,T","  203",",,T","   18",",,T"," -129",",,T","  -52",",,T"," -129",",,T","  406",",,T"
"USS0010F02S","2018-11-11","43.95","-110.45","2142.7","BASE CAMP, WY US","    0",",,T","  203",",,T","  -15",",,T"," -164",",,T","  -95",",,T"," -123",",,T","  406",",,T"
"USS0010F02S","2018-11-12","43.95","-110.45","2142.7","BASE CAMP, WY US","    0",",,T","  229",",,T","  -25",",,T"," -185",",,T"," -117",",,T"," -138",",,T","  406",",,T"
"USS0010F02S","2018-11-13","43.95","-110.45","2142.7","BASE CAMP, WY US","    0",",,T","  203",",,T","   -8",",,T"," -158",",,T","  -89",",,T"," -108",",,T","  406",",,T"
"USS0010F02S","2018-11-14","43.95","-110.45","2142.7","BASE CAMP, WY US","    0",",,T","  203",",,T","   28",",,T"," -136",",,T","  -61",",,T","  -74",",,T","  406",",,T"
"USS0010F02S","2018-11-15","43.95","-110.45","2142.7","BASE CAMP, WY US","    0",",,T","  203",",,T","   37",",,T"," -106",",,T","  -46",",,T","  -70",",,T","  406",",,T"
"USS0010F02S","2018-11-16","43.95","-110.45","2142.7","BASE CAMP, WY US","   51",",,T","  254",",,T","   43",",,T","  -95",",,T","  -18",",,T","  -12",",,T","  457",",,T"
"USS0010F02S","2018-11-17","43.95","-110.45","2142.7","BASE CAMP, WY US","    0",",,T","  254",",,T","   15",",,T"," -138",",,T","  -42",",,T"," -137",",,T","  432",",,T"
"USS0010F02S","2018-11-18","43.95","-110.45","2142.7","BASE CAMP, WY US","    0",",,T","  229",",,T","  -29",",,T"," -179",",,T"," -101",",,T","  -85",",,T","  432",",,T"
"USS0010F02S","2018-11-19","43.95","-110.45","2142.7","BASE CAMP, WY US","    0",",,T","  254",",,T","    9",",,T"," -110",",,T","  -62",",,T","  -98",",,T","  432",",,T"
"USS0010F02S","2018-11-20","43.95","-110.45","2142.7","BASE CAMP, WY US","    0",",,T","  229",",,T","   23",",,T"," -136",",,T","  -66",",,T","  -93",",,T","  432",",,T"
"USS0010F02S","2018-11-21","43.95","-110.45","2142.7","BASE CAMP, WY US","    0",",,T","  229",",,T","   25",",,T"," -132",",,T","  -62",",,T","  -69",",,T","  432",",,T"
"USS0010F02S","2018-11-22","43.95","-110.45","2142.7","BASE CAMP, WY US","   51",",,T","  279",",,T","   18",",,T","  -91",",,T","  -29",",,T","  -12",",,T","  508",",,T"
"USS0010F02S","2018-11-23","43.95","-110.45","2142.7","BASE CAMP, WY US","  152",",,T","  432",",,T","    8",",,T","  -29",",,T","  -16",",,T","  -28",",,T","  686",",,T"
"USS0010F02S","2018-11-24","43.95","-110.45","2142.7","BASE CAMP, WY US","  102",",,T","  533",",,T","  -10",",,T","  -88",",,T","  -40",",,T","  -82",",,T","  787",",,T"
"USS0010F02S","2018-11-25","43.95","-110.45","2142.7","BASE CAMP, WY US","    0",",,T","  483",",,T","   -2",",,T"," -140",",,T","  -81",",,T"," -140",",,T","  787",",,T"
"USS0010F02S","2018-11-26","43.95","-110.45","2142.7","BASE CAMP, WY US","   25",",,T","  457",",,T","  -23",",,T"," -164",",,T"," -106",",,T","  -93",",,T","  787",",,T"
"USS0010F02S","2018-11-27","43.95","-110.45","2142.7","BASE CAMP, WY US","   25",",,T","  483",",,T","   -2",",,T"," -104",",,T","  -44",",,T","  -22",",,T","  838",",,T"
"USS0010F02S","2018-11-28","43.95","-110.45","2142.7","BASE CAMP, WY US","  152",",,T","  584",",,T","   16",",,T","  -42",",,T","  -11",",,T","  -42",",,T","  991",",,T"
"USS0010F02S","2018-11-29","43.95","-110.45","2142.7","BASE CAMP, WY US","    0",",,T","  559",",,T","   14",",,T","  -94",",,T","  -38",",,T","  -89",",,T","  965",",,T"
"USS0010F02S","2018-11-30","43.95","-110.45","2142.7","BASE CAMP, WY US","   76",",,T","  610",",,T","    7",",,T","  -97",",,T","  -42",",,T","  -38",",,T"," 1067",",,T"
"USS0010F02S","2018-12-01","43.95","-110.45","2142.7","BASE CAMP, WY US","   25",",,T","  660",",,T","  -19",",,T"," -119",",,T","  -56",",,T"," -119",",,T"," 1092",",,T"
"USS0010F02S","2018-12-02","43.95","-110.45","2142.7","BASE CAMP, WY US","   25",",,T","  610",",,T","  -51",",,T"," -172",",,T"," -121",",,T"," -131",",,T"," 1092",",,T"
"USS0010F02S","2018-12-03","43.95","-110.45","2142.7","BASE CAMP, WY US","   25",",,T","  610",",,T","  -38",",,T"," -133",",,T","  -98",",,T"," -121",",,T"," 1118",",,T"
"USS0010F02S","2018-12-04","43.95","-110.45","2142.7","BASE CAMP, WY US","    0",",,T","  610",",,T","  -44",",,T"," -184",",,T"," -113",",,T"," -184",",,T"," 1118",",,T"
"USS0010F02S","2018-12-05","43.95","-110.45","2142.7","BASE CAMP, WY US","    0",",,T","  584",",,T","  -92",",,T"," -243",",,T"," -177",",,T"," -176",",,T"," 1118",",,T"
"USS0010F02S","2018-12-06","43.95","-110.45","2142.7","BASE CAMP, WY US","    0",",,T","  584",",,T","  -66",",,T"," -223",",,T"," -148",",,T"," -147",",,T"," 1118",",,T"
"USS0010F02S","2018-12-07","43.95","-110.45","2142.7","BASE CAMP, WY US","    0",",,T","  559",",,T","  -42",",,T"," -217",",,T"," -125",",,T","  -91",",,T"," 1118",",,T"
"USS0010F02S","2018-12-08","43.95","-110.45","2142.7","BASE CAMP, WY US","    0",",,T","  559",",,T","    4",",,T"," -128",",,T","  -71",",,T","  -77",",,T"," 1118",",,T"
"USS0010F02S","2018-12-09","43.95","-110.45","2142.7","BASE CAMP, WY US","    0",",,T","  559",",,T","  -32",",,T"," -155",",,T"," -100",",,T"," -155",",,T"," 1118",",,T"
"USS0010F02S","2018-12-10","43.95","-110.45","2142.7","BASE CAMP, WY US","    0",",,T","  559",",,T","  -22",",,T"," -164",",,T"," -100",",,T","  -77",",,T"," 1118",",,T"
"USS0010F02S","2018-12-11","43.95","-110.45","2142.7","BASE CAMP, WY US","    0",",,T","  559",",,T","  -14",",,T"," -118",",,T","  -70",",,T","  -93",",,T"," 1118",",,T"
"USS0010F02S","2018-12-12","43.95","-110.45","2142.7","BASE CAMP, WY US","   51",",,T","  635",",,T","  -20",",,T"," -156",",,T","  -75",",,T"," -154",",,T"," 1194",",,T"
"USS0010F02S","2018-12-13","43.95","-110.45","2142.7","BASE CAMP, WY US","    0",",,T","  610",",,T","  -42",",,T"," -179",",,T"," -115",",,T"," -147",",,T"," 1194",",,T"
"USS0010F02S","2018-12-14","43.95","-110.45","2142.7","BASE CAMP, WY US","    0",",,T","  610",",,T","  -39",",,T"," -181",",,T"," -115",",,T"," -117",",,T"," 1194",",,T"
"USS0010F02S","2018-12-15","43.95","-110.45","2142.7","BASE CAMP, WY US","    0",",,T","  584",",,T","   32",",,T"," -120",",,T","  -44",",,T","  -69",",,T"," 1194",",,T"
"USS0010F02S","2018-12-16","43.95","-110.45","2142.7","BASE CAMP, WY US","    0",",,T","  584",",,T","    0",",,T"," -121",",,T","  -67",",,T"," -100",",,T"," 1194",",,T"
"USS0010F02S","2018-12-17","43.95","-110.45","2142.7","BASE CAMP, WY US","   25",",,T","  559",",,T","   19",",,T"," -116",",,T","  -51",",,T","  -15",",,T"," 1219",",,T"
"USS0010F02S","2018-12-18","43.95","-110.45","2142.7","BASE CAMP, WY US","   76",",,T","  635",",,T","   26",",,T","  -34",",,T","   -6",",,T","   -1",",,T"," 1321",",,T"
"USS0010F02S","2018-12-19","43.95","-110.45","2142.7","BASE CAMP, WY US","    0",",,T","  635",",,T","    2",",,T","  -89",",,T","  -31",",,T","  -89",",,T"," 1295",",,T"
"USS0010F02S","2018-12-20","43.95","-110.45","2142.7","BASE CAMP, WY US","    0",",,T","  610",",,T","   -4",",,T"," -117",",,T","  -69",",,T","  -85",",,T"," 1295",",,T"
"USS0010F02S","2018-12-21","43.95","-110.45","2142.7","BASE CAMP, WY US","   51",",,T","  660",",,T","    9",",,T"," -103",",,T","  -49",",,T","  -92",",,T"," 1346",",,T"
"USS0010F02S","2018-12-22","43.95","-110.45","2142.7","BASE CAMP, WY US","    0",",,T","  660",",,T","  -44",",,T"," -148",",,T","  -94",",,T"," -141",",,T"," 1346",",,T"
"USS0010F02S","2018-12-23","43.95","-110.45","2142.7","BASE CAMP, WY US","   25",",,T","  660",",,T","  -36",",,T"," -157",",,T","  -91",",,T","  -62",",,T"," 1372",",,T"
"USS0010F02S","2018-12-24","43.95","-110.45","2142.7","BASE CAMP, WY US","   51",",,T","  686",",,T","   -4",",,T","  -82",",,T","  -41",",,T","  -40",",,T"," 1422",",,T"
"USS0010F02S","2018-12-25","43.95","-110.45","2142.7","BASE CAMP, WY US","    0",",,T","  711",",,T","   -5",",,T","  -54",",,T","  -35",",,T","  -50",",,T"," 1448",",,T"
"USS0010F02S","2018-12-26","43.95","-110.45","2142.7","BASE CAMP, WY US","    0",",,T","  686",",,T","  -37",",,T"," -135",",,T","  -79",",,T"," -133",",,T"," 1448",",,T"
"USS0010F02S","2018-12-27","43.95","-110.45","2142.7","BASE CAMP, WY US","    0",",,T","  686",",,T","  -44",",,T"," -133",",,T","  -97",",,T"," -104",",,T"," 1448",",,T"
"USS0010F02S","2018-12-28","43.95","-110.45","2142.7","BASE CAMP, WY US","    0",",,T","  686",",,T","  -71",",,T"," -156",",,T"," -109",",,T"," -156",",,T"," 1448",",,T"
"USS0010F02S","2018-12-29","43.95","-110.45","2142.7","BASE CAMP, WY US","   25",",,T","  686",",,T","  -76",",,T"," -164",",,T"," -109",",,T","  -88",",,T"," 1448",",,T"
"USS0010F02S","2018-12-30","43.95","-110.45","2142.7","BASE CAMP, WY US","  127",",,T","  813",",,T","  -28",",,T","  -93",",,T","  -65",",,T","  -93",",,T"," 1575",",,T"
"USS0010F02S","2018-12-31","43.95","-110.45","2142.7","BASE CAMP, WY US","    0",",,T","  787",",,T","  -76",",,T"," -242",",,T"," -133",",,T"," -242",",,T"," 1575",",,T"
"USS0010F02S","2019-01-01","43.95","-110.45","2142.7","BASE CAMP, WY US","    0",",,T","  762",",,T"," -139",",,T"," -287",",,T"," -206",",,T"," -201",",,T"," 1575",",,T"
"USS0010F02S","2019-01-02","43.95","-110.45","2142.7","BASE CAMP, WY US","    0",",,T","  762",",,T","  -70",",,T"," -227",",,T"," -164",",,T"," -192",",,T"," 1575",",,T"
"USS0010F02S","2019-01-03","43.95","-110.45","2142.7","BASE CAMP, WY US","   25",",,T","  737",",,T","  -54",",,T"," -192",",,T"," -122",",,T"," -129",",,T"," 1575",",,T"
"USS0010F02S","2019-01-04","43.95","-110.45","2142.7","BASE CAMP, WY US","    0",",,T","  737",",,T","  -27",",,T"," -165",",,T","  -98",",,T","  -88",",,T"," 1575",",,T"
"USS0010F02S","2019-01-05","43.95","-110.45","2142.7","BASE CAMP, WY US","    0",",,T","  711",",,T","  -13",",,T"," -136",",,T","  -71",",,T","  -40",",,T"," 1600",",,T"
"USS0010F02S","2019-01-06","43.95","-110.45","2142.7","BASE CAMP, WY US","  102",",,T","  813",",,T","   -5",",,T"," -105",",,T","  -38",",,T"," -104",",,T"," 1702",",,T"
"USS0010F02S","2019-01-07","43.95","-110.45","2142.7","BASE CAMP, WY US","   76",",,T","  889",",,T","  -33",",,T"," -173",",,T","  -85",",,T"," -158",",,T"," 1753",",,T"
"USS0010F02S","2019-01-08","43.95","-110.45","2142.7","BASE CAMP, WY US","    0",",,T","  864",",,T","  -35",",,T"," -198",",,T"," -120",",,T"," -104",",,T"," 1753",",,T"
"USS0010F02S","2019-01-09","43.95","-110.45","2142.7","BASE CAMP, WY US","    0",",,T","  838",",,T","    9",",,T"," -109",",,T","  -60",",,T","  -80",",,T"," 1753",",,T"
"USS0010F02S","2019-01-10","43.95","-110.45","2142.7","BASE CAMP, WY US","   25",",,T","  864",",,T","  -13",",,T","  -80",",,T","  -44",",,T","  -78",",,T"," 1803",",,T"
"USS0010F02S","2019-01-11","43.95","-110.45","2142.7","BASE CAMP, WY US","    0",",,T","  838",",,T","   14",",,T"," -142",",,T","  -58",",,T"," -142",",,T"," 1803",",,T"
"USS0010F02S","2019-01-12","43.95","-110.45","2142.7","BASE CAMP, WY US","    0",",,T","  838",",,T","  -46",",,T"," -198",",,T"," -130",",,T"," -153",",,T"," 1803",",,T"
"USS0010F02S","2019-01-13","43.95","-110.45","2142.7","BASE CAMP, WY US","    0",",,T","  813",",,T","  -33",",,T"," -192",",,T"," -127",",,T"," -141",",,T"," 1803",",,T"
"USS0010F02S","2019-01-14","43.95","-110.45","2142.7","BASE CAMP, WY US","    0",",,T","  813",",,T","  -34",",,T"," -195",",,T"," -122",",,T"," -144",",,T"," 1803",",,T"
"USS0010F02S","2019-01-15","43.95","-110.45","2142.7","BASE CAMP, WY US","   25",",,T","  813",",,T","  -50",",,T"," -195",",,T"," -114",",,T","  -94",",,T"," 1803",",,T"
"USS0010F02S","2019-01-16","43.95","-110.45","2142.7","BASE CAMP, WY US","    0",",,T","  838",",,T","  -13",",,T"," -112",",,T","  -54",",,T","  -32",",,T"," 1854",",,T"
"USS0010F02S","2019-01-17","43.95","-110.45","2142.7","BASE CAMP, WY US","  152",",,T"," 1016",",,T","   14",",,T","  -59",",,T","  -21",",,T","  -44",",,T"," 2007",",,T"
"USS0010F02S","2019-01-18","43.95","-110.45","2142.7","BASE CAMP, WY US","   25",",,T","  991",",,T","    3",",,T","  -54",",,T","  -32",",,T","  -44",",,T"," 2007",",,T"
"USS0010F02S","2019-01-19","43.95","-110.45","2142.7","BASE CAMP, WY US","   51",",,T"," 1041",",,T","   -1",",,T","  -77",",,T","  -37",",,T","  -21",",,T"," 2083",",,T"
"USS0010F02S","2019-01-20","43.95","-110.45","2142.7","BASE CAMP, WY US","  127",",,T"," 1092",",,T","   39",",,T","  -21",",,T","    5",",,T","    1",",,T"," 2159",",,T"
"USS0010F02S","2019-01-21","43.95","-110.45","2142.7","BASE CAMP, WY US","   25",",,T"," 1118",",,T","    2",",,T"," -101",",,T","  -28",",,T"," -101",",,T"," 2184",",,T"
"USS0010F02S","2019-01-22","43.95","-110.45","2142.7","BASE CAMP, WY US","    0",",,T"," 1092",",,T","  -45",",,T"," -173",",,T"," -105",",,T"," -104",",,T"," 2210",",,T"
"USS0010F02S","2019-01-23","43.95","-110.45","2142.7","BASE CAMP, WY US","   76",",,T"," 1219",",,T","  -36",",,T"," -104",",,T","  -70",",,T","  -57",",,T"," 2286",",,T"
"USS0010F02S","2019-01-24","43.95","-110.45","2142.7","BASE CAMP, WY US","    0",",,T"," 1168",",,T","  -11",",,T","  -91",",,T","  -61",",,T","  -82",",,T"," 2286",",,T"
"USS0010F02S","2019-01-25","43.95","-110.45","2142.7","BASE CAMP, WY US","    0",",,T"," 1118",",,T","  -37",",,T"," -145",",,T","  -87",",,T"," -120",",,T"," 2286",",,T"
"USS0010F02S","2019-01-26","43.95","-110.45","2142.7","BASE CAMP, WY US","   25",",,T"," 1092",",,T","   -9",",,T"," -131",",,T","  -59",",,T","  -51",",,T"," 2311",",,T"
"USS0010F02S","2019-01-27","43.95","-110.45","2142.7","BASE CAMP, WY US","    0",",,T"," 1067",",,T","   22",",,T","  -61",",,T","  -24",",,T","  -61",",,T"," 2311",",,T"
"USS0010F02S","2019-01-28","43.95","-110.45","2142.7","BASE CAMP, WY US","    0",",,T"," 1041",",,T","  -39",",,T"," -184",",,T","  -98",",,T"," -184",",,T"," 2311",",,T"
"USS0010F02S","2019-01-29","43.95","-110.45","2142.7","BASE CAMP, WY US","    0",",,T"," 1041",",,T","  -44",",,T"," -211",",,T"," -145",",,T"," -194",",,T"," 2311",",,T"
"USS0010F02S","2019-01-30","43.95","-110.45","2142.7","BASE CAMP, WY US","    0",",,T"," 1016",",,T","  -36",",,T"," -240",",,T"," -143",",,T"," -123",",,T"," 2311",",,T"
"USS0010F02S","2019-01-31","43.95","-110.45","2142.7","BASE CAMP, WY US","    0",",,T","  991",",,T","   17",",,T"," -136",",,T","  -67",",,T","  -93",",,T"," 2311",",,T"
"USS0010F02S","2019-02-01","43.95","-110.45","2142.7","BASE CAMP, WY US","    0",",,T","  991",",,T","   33",",,T"," -146",",,T","  -69",",,T","  -83",",,T"," 2311",",,T"
"USS0010F02S","2019-02-02","43.95","-110.45","2142.7","BASE CAMP, WY US","   25",",,T"," 1041",",,T","   22",",,T"," -105",",,T","  -26",",,T","    0",",,T"," 2388",",,T"
"USS0010F02S","2019-02-03","43.95","-110.45","2142.7","BASE CAMP, WY US","  127",",,T"," 1143",",,T","   25",",,T","  -31",",,T","   -6",",,T","  -31",",,T"," 2464",",,T"
"USS0010F02S","2019-02-04","43.95","-110.45","2142.7","BASE CAMP, WY US","  229",",,T"," 1372",",,T","    7",",,T","  -32",",,T","  -21",",,T","  -30",",,T"," 2692",",,T"
"USS0010F02S","2019-02-05","43.95","-110.45","2142.7","BASE CAMP, WY US","   76",",,T"," 1397",",,T","   24",",,T"," -122",",,T","  -37",",,T"," -122",",,T"," 2769",",,T"
"USS0010F02S","2019-02-06","43.95","-110.45","2142.7","BASE CAMP, WY US","    0",",,T"," 1346",",,T","  -49",",,T"," -158",",,T"," -108",",,T"," -129",",,T"," 2743",",,T"
"USS0010F02S","2019-02-07","43.95","-110.45","2142.7","BASE CAMP, WY US","    0",",,T"," 1295",",,T","  -91",",,T"," -228",",,T"," -157",",,T"," -228",",,T"," 2743",",,T"
"USS0010F02S","2019-02-08","43.95","-110.45","2142.7","BASE CAMP, WY US","    0",",,T"," 1270",",,T","  -74",",,T"," -253",",,T"," -164",",,T"," -132",",,T"," 2743",",,T"
"USS0010F02S","2019-02-09","43.95","-110.45","2142.7","BASE CAMP, WY US","   25",",,T"," 1270",",,T","  -41",",,T"," -162",",,T","  -98",",,T"," -112",",,T"," 2769",",,T"
"USS0010F02S","2019-02-10","43.95","-110.45","2142.7","BASE CAMP, WY US","   51",",,T"," 1295",",,T","  -28",",,T"," -117",",,T","  -76",",,T"," -102",",,T"," 2845",",,T"
"USS0010F02S","2019-02-11","43.95","-110.45","2142.7","BASE CAMP, WY US","   51",",,T"," 1346",",,T","  -78",",,T"," -197",",,T"," -114",",,T","  -88",",,T"," 2921",",,T"
"USS0010F02S","2019-02-12","43.95","-110.45","2142.7","BASE CAMP, WY US","   51",",,T"," 1346",",,T","  -14",",,T"," -105",",,T","  -60",",,T","  -55",",,T"," 2946",",,T"
"USS0010F02S","2019-02-13","43.95","-110.45","2142.7","BASE CAMP, WY US","  305",",,T"," 1626",",,T","  -16",",,T","  -59",",,T","  -34",",,T","  -16",",,T"," 3251",",,T"
"USS0010F02S","2019-02-14","43.95","-110.45","2142.7","BASE CAMP, WY US","  127",",,T"," 1600",",,T","   37",",,T","  -16",",,T","    5",",,T","    7",",,T"," 3404",",,T"
"USS0010F02S","2019-02-15","43.95","-110.45","2142.7","BASE CAMP, WY US","   76",",,T"," 1626",",,T","   22",",,T","  -77",",,T","  -19",",,T","  -77",",,T"," 3454",",,T"
"USS0010F02S","2019-02-16","43.95","-110.45","2142.7","BASE CAMP, WY US","   25",",,T"," 1600",",,T","  -35",",,T"," -125",",,T","  -72",",,T"," -115",",,T"," 3480",",,T"
"USS0010F02S","2019-02-17","43.95","-110.45","2142.7","BASE CAMP, WY US","    0",",,T"," 1575",",,T","  -10",",,T"," -165",",,T","  -96",",,T"," -165",",,T"," 3454",",,T"
"USS0010F02S","2019-02-18","43.95","-110.45","2142.7","BASE CAMP, WY US","    0",",,T"," 1549",",,T","  -48",",,T"," -227",",,T"," -143",",,T"," -145",",,T"," 3454",",,T"
"USS0010F02S","2019-02-19","43.95","-110.45","2142.7","BASE CAMP, WY US","    0",",,T"," 1524",",,T","  -73",",,T"," -195",",,T"," -146",",,T"," -188",",,T"," 3454",",,T"
"USS0010F02S","2019-02-20","43.95","-110.45","2142.7","BASE CAMP, WY US","    0",",,T"," 1499",",,T","  -66",",,T"," -190",",,T"," -134",",,T"," -165",",,T"," 3480",",,T"
"USS0010F02S","2019-02-21","43.95","-110.45","2142.7","BASE CAMP, WY US","    0",",,T"," 1473",",,T","  -19",",,T"," -206",",,T"," -136",",,T"," -194",",,T"," 3480",",,T"
"USS0010F02S","2019-02-22","43.95","-110.45","2142.7","BASE CAMP, WY US","    0",",,T"," 1448",",,T","  -54",",,T"," -248",",,T"," -163",",,T"," -199",",,T"," 3480",",,T"
"USS0010F02S","2019-02-23","43.95","-110.45","2142.7","BASE CAMP, WY US","   76",",,T"," 1524",",,T","  -58",",,T"," -210",",,T"," -117",",,T","  -81",",,T"," 3556",",,T"
"USS0010F02S","2019-02-24","43.95","-110.45","2142.7","BASE CAMP, WY US","  279",",,T"," 1727",",,T","  -31",",,T","  -81",",,T","  -52",",,T","  -31",",,T"," 3810",",,T"
"USS0010F02S","2019-02-25","43.95","-110.45","2142.7","BASE CAMP, WY US","  152",",,T"," 1753",",,T","   12",",,T","  -31",",,T","  -10",",,T","   -4",",,T"," 3962",",,T"
"USS0010F02S","2019-02-26","43.95","-110.45","2142.7","BASE CAMP, WY US","  229",",,T"," 1905",",,T","    8",",,T","   -4",",,T","    0",",,T","   -4",",,T"," 4216",",,T"
"USS0010F02S","2019-02-27","43.95","-110.45","2142.7","BASE CAMP, WY US","   51",",,T"," 1854",",,T","   20",",,T","   -9",",,T","    3",",,T","   -9",",,T"," 4293",",,T"
"USS0010F02S","2019-02-28","43.95","-110.45","2142.7","BASE CAMP, WY US","   76",",,T"," 1854",",,T","   27",",,T","  -42",",,T","   -5",",,T","  -42",",,T"," 4369",",,T"
"USS0010F02S","2019-03-01","43.95","-110.45","2142.7","BASE CAMP, WY US","    0",",,T"," 1829",",,T","   -1",",,T"," -150",",,T","  -71",",,T"," -150",",,T"," 4369",",,T"
"USS0010F02S","2019-03-02","43.95","-110.45","2142.7","BASE CAMP, WY US","    0",",,T"," 1778",",,T","   -5",",,T"," -181",",,T"," -105",",,T"," -140",",,T"," 4369",",,T"
"USS0010F02S","2019-03-03","43.95","-110.45","2142.7","BASE CAMP, WY US","    0",",,T"," 1753",",,T","  -11",",,T"," -171",",,T"," -100",",,T"," -171",",,T"," 4369",",,T"
"USS0010F02S","2019-03-04","43.95","-110.45","2142.7","BASE CAMP, WY US","    0",",,T"," 1727",",,T","  -16",",,T"," -218",",,T"," -122",",,T"," -155",",,T"," 4369",",,T"
"USS0010F02S","2019-03-05","43.95","-110.45","2142.7","BASE CAMP, WY US","    0",",,T"," 1676",",,T","    5",",,T"," -204",",,T","  -93",",,T","  -60",",,T"," 4369",",,T"
"USS0010F02S","2019-03-06","43.95","-110.45","2142.7","BASE CAMP, WY US","  102",",,T"," 1829",",,T","   39",",,T","  -60",",,T","   -9",",,T","   -2",",,T"," 4547",",,T"
"USS0010F02S","2019-03-07","43.95","-110.45","2142.7","BASE CAMP, WY US","  102",",,T"," 1803",",,T","   43",",,T","  -17",",,T","    5",",,T","  -13",",,T"," 4623",",,T"
"USS0010F02S","2019-03-08","43.95","-110.45","2142.7","BASE CAMP, WY US","   76",",,T"," 1803",",,T","   38",",,T","  -56",",,T","  -10",",,T","  -56",",,T"," 4623",",,T"
"USS0010F02S","2019-03-09","43.95","-110.45","2142.7","BASE CAMP, WY US","    0",",,T"," 1753",",,T","  -12",",,T"," -143",",,T","  -74",",,T"," -139",",,T"," 4597",",,T"
"USS0010F02S","2019-03-10","43.95","-110.45","2142.7","BASE CAMP, WY US","    0",",,T"," 1753",",,T","   22",",,T"," -178",",,T","  -87",",,T"," -144",",,T"," 4597",",,T"
"USS0010F02S","2019-03-11","43.95","-110.45","2142.7","BASE CAMP, WY US","    0",",,T"," 1727",",,T","   45",",,T"," -192",",,T","  -82",",,T"," -111",",,T"," 4597",",,T"
"USS0010F02S","2019-03-12","43.95","-110.45","2142.7","BASE CAMP, WY US","   25",",,T"," 1702",",,T","   55",",,T"," -149",",,T","  -52",",,T","  -51",",,T"," 4597",",,T"
"USS0010F02S","2019-03-13","43.95","-110.45","2142.7","BASE CAMP, WY US","    0",",,T"," 1676",",,T","   20",",,T"," -103",",,T","  -33",",,T"," -103",",,T"," 4597",",,T"
"USS0010F02S","2019-03-14","43.95","-110.45","2142.7","BASE CAMP, WY US","    0",",,T"," 1676",",,T","   25",",,T"," -153",",,T","  -76",",,T"," -151",",,T"," 4597",",,T"
"USS0010F02S","2019-03-15","43.95","-110.45","2142.7","BASE CAMP, WY US","    0",",,T"," 1651",",,T","   33",",,T"," -171",",,T","  -69",",,T"," -107",",,T"," 4597",",,T"
"USS0010F02S","2019-03-16","43.95","-110.45","2142.7","BASE CAMP, WY US","   25",",,T"," 1626",",,T","   62",",,T"," -158",",,T","  -49",",,T","  -77",",,T"," 4623",",,T"
"USS0010F02S","2019-03-17","43.95","-110.45","2142.7","BASE CAMP, WY US","    0",",,T"," 1626",",,T","   76",",,T"," -119",",,T","  -29",",,T","  -45",",,T"," 4623",",,T"
"USS0010F02S","2019-03-18","43.95","-110.45","2142.7","BASE CAMP, WY US","    0",",,T"," 1600",",,T","   94",",,T","  -96",",,T","  -16",",,T","  -67",",,T"," 4597",",,T"
"USS0010F02S","2019-03-19","43.95","-110.45","2142.7","BASE CAMP, WY US","    0",",,T"," 1575",",,T","   99",",,T"," -114",",,T","  -22",",,T","  -59",",,T"," 4597",",,T"
"USS0010F02S","2019-03-20","43.95","-110.45","2142.7","BASE CAMP, WY US","    0",",,T"," 1549",",,T","   98",",,T"," -118",",,T","  -13",",,T","  -30",",,T"," 4597",",,T"
"USS0010F02S","2019-03-21","43.95","-110.45","2142.7","BASE CAMP, WY US","    0",",,T"," 1524",",,T","  138",",,T","  -66",",,T","   21",",,T","   -6",",,T"," 4572",",,T"
"USS0010F02S","2019-03-22","43.95","-110.45","2142.7","BASE CAMP, WY US","    0",",,T"," 1473",",,T","   92",",,T","  -12",",,T","   26",",,T","    3",",,T"," 4547",",,T"
"USS0010F02S","2019-03-23","43.95","-110.45","2142.7","BASE CAMP, WY US","   25",",,T"," 1473",",,T","  101",",,T","  -30",",,T","   18",",,T","  -30",",,T"," 4572",",,T"
"USS0010F02S","2019-03-24","43.95","-110.45","2142.7","BASE CAMP, WY US","    0",",,T"," 1473",",,T","   53",",,T","  -47",",,T","    1",",,T","   -9",",,T"," 4597",",,T"
"USS0010F02S","2019-03-25","43.95","-110.45","2142.7","BASE CAMP, WY US","   25",",,T"," 1448",",,T","   79",",,T","  -32",",,T","   11",",,T","  -32",",,T"," 4623",",,T"
"USS0010F02S","2019-03-26","43.95","-110.45","2142.7","BASE CAMP, WY US","    0",",,T"," 1422",",,T","  113",",,T","  -61",",,T","   12",",,T","  -25",",,T"," 4572",",,T"
"USS0010F02S","2019-03-27","43.95","-110.45","2142.7","BASE CAMP, WY US","    0",",,T"," 1397",",,T","  120",",,T","  -31",",,T","   30",",,T","   -8",",,T"," 4521",",,T"
"USS0010F02S","2019-03-28","43.95","-110.45","2142.7","BASE CAMP, WY US","    0",",,T"," 1372",",,T","   82",",,T","  -28",",,T","   20",",,T","  -18",",,T"," 4496",",,T"
"USS0010F02S","2019-03-29","43.95","-110.45","2142.7","BASE CAMP, WY US","    0",",,T"," 1372",",,T","   56",",,T","  -54",",,T","    0",",,T","  -52",",,T"," 4496",",,T"
"USS0010F02S","2019-03-30","43.95","-110.45","2142.7","BASE CAMP, WY US","    0",",,T"," 1346",",,T","   81",",,T","  -86",",,T","  -12",",,T","  -44",",,T"," 4470",",,T"
"USS0010F02S","2019-03-31","43.95","-110.45","2142.7","BASE CAMP, WY US","    0",",,T"," 1321",",,T","   82",",,T","  -81",",,T","    3",",,T","   -9",",,T"," 4420",",,T"
"USS0010F02S","2019-04-01","43.95","-110.45","2142.7","BASE CAMP, WY US","   25",",,T"," 1321",",,T","   82",",,T","  -40",",,T","   11",",,T","   -8",",,T"," 4394",",,T"
"USS0010F02S","2019-04-02","43.95","-110.45","2142.7","BASE CAMP, WY US","    0",",,T"," 1295",",,T","   72",",,T","  -31",",,T","   16",",,T","    1",",,T"," 4394",",,T"
"USS0010F02S","2019-04-03","43.95","-110.45","2142.7","BASE CAMP, WY US","    0",",,T"," 1295",",,T","   52",",,T","   -2",",,T","   21",",,T","    9",",,T"," 4394",",,T"
"USS0010F02S","2019-04-04","43.95","-110.45","2142.7","BASE CAMP, WY US","   25",",,T"," 1270",",,T","  115",",,T","    1",",,T","   38",",,T","   21",",,T"," 4318",",,T"
"USS0010F02S","2019-04-05","43.95","-110.45","2142.7","BASE CAMP, WY US","    0",",,T"," 1219",",,T","  100",",,T","   13",",,T","   44",",,T","   13",",,T"," 4293",",,T"
"USS0010F02S","2019-04-06","43.95","-110.45","2142.7","BASE CAMP, WY US","    0",",,T"," 1219",",,T","   83",",,T","   -4",",,T","   27",",,T","    5",",,T"," 4293",",,T"
"USS0010F02S","2019-04-07","43.95","-110.45","2142.7","BASE CAMP, WY US","   25",",,T"," 1194",",,T","   53",",,T","   -6",",,T","   25",",,T","   24",",,T"," 4318",",,T"
"USS0010F02S","2019-04-08","43.95","-110.45","2142.7","BASE CAMP, WY US","   76",",,T"," 1143",",,T","   92",",,T","   17",",,T","   45",",,T","   27",",,T"," 4420",",,T"
"USS0010F02S","2019-04-09","43.95","-110.45","2142.7","BASE CAMP, WY US","  203",",,T"," 1143",",,T","   81",",,T","    3",",,T","   28",",,T","    5",",,T"," 4420",",,T"
"USS0010F02S","2019-04-10","43.95","-110.45","2142.7","BASE CAMP, WY US","    0",",,T"," 1143",",,T","   49",",,T","  -58",",,T","    4",",,T","  -58",",,T"," 4420",",,T"
"USS0010F02S","2019-04-11","43.95","-110.45","2142.7","BASE CAMP, WY US","   25",",,T"," 1143",",,T","   44",",,T","  -86",",,T","  -23",",,T","  -49",",,T"," 4420",",,T"
"USS0010F02S","2019-04-12","43.95","-110.45","2142.7","BASE CAMP, WY US","   25",",,T"," 1194",",,T","   72",",,T","  -91",",,T","  -18",",,T","  -31",",,T"," 4445",",,T"
"USS0010F02S","2019-04-13","43.95","-110.45","2142.7","BASE CAMP, WY US","   76",",,T"," 1168",",,T","   55",",,T","  -50",",,T","    3",",,T","    2",",,T"," 4496",",,T"
"USS0010F02S","2019-04-14","43.95","-110.45","2142.7","BASE CAMP, WY US","  229",",,T"," 1422",",,T","   62",",,T","    0",",,T","   21",",,T","    7",",,T"," 4775",",,T"
"USS0010F02S","2019-04-15","43.95","-110.45","2142.7","BASE CAMP, WY US","   76",",,T"," 1270",",,T","   68",",,T","  -12",",,T","   22",",,T","    2",",,T"," 4750",",,T"
"USS0010F02S","2019-04-16","43.95","-110.45","2142.7","BASE CAMP, WY US","   25",",,T"," 1219",",,T","   94",",,T","   -4",",,T","   29",",,T","    8",",,T"," 4775",",,T"
"USS0010F02S","2019-04-17","43.95","-110.45","2142.7","BASE CAMP, WY US","    0",",,T"," 1219",",,T","   62",",,T","  -23",",,T","   22",",,T","  -22",",,T"," 4775",",,T"
"USS0010F02S","2019-04-18","43.95","-110.45","2142.7","BASE CAMP, WY US","   25",",,T"," 1168",",,T","  142",",,T","  -31",",,T","   43",",,T","   -3",",,T"," 4699",",,T"
"USS0010F02S","2019-04-19","43.95","-110.45","2142.7","BASE CAMP, WY US","    0",",,T"," 1118",",,T","  164",",,T","  -14",",,T","   55",",,T","    9",",,T"," 4547",",,T"
"USS0010F02S","2019-04-20","43.95","-110.45","2142.7","BASE CAMP, WY US","    0",",,T"," 1067",",,T","  152",",,T","    9",",,T","   61",",,T","   21",",,T"," 4420",",,T"
"USS0010F02S","2019-04-21","43.95","-110.45","2142.7","BASE CAMP, WY US","   25",",,T"," 1067",",,T","  100",",,T","   13",",,T","   38",",,T","   13",",,T"," 4343",",,T"
"USS0010F02S","2019-04-22","43.95","-110.45","2142.7","BASE CAMP, WY US","    0",",,T"," 1016",",,T","  155",",,T","   -9",",,T","   47",",,T","   -3",",,T"," 4191",",,T"
"USS0010F02S","2019-04-23","43.95","-110.45","2142.7","BASE CAMP, WY US","   25",",,T","  965",",,T","  144",",,T","  -12",",,T","   52",",,T","   24",",,T"," 4013",",,T"
"USS0010F02S","2019-04-24","43.95","-110.45","2142.7","BASE CAMP, WY US","    0",",,T","  940",",,T","  138",",,T","  -10",",,T","   48",",,T","  -10",",,T"," 3988",",,T"
"USS0010F02S","2019-04-25","43.95","-110.45","2142.7","BASE CAMP, WY US","    0",",,T","  914",",,T","  141",",,T","  -26",",,T","   43",",,T","   -9",",,T"," 3835",",,T"
"USS0010F02S","2019-04-26","43.95","-110.45","2142.7","BASE CAMP, WY US","   25",",,T","  889",",,T","  152",",,T","  -21",",,T","   41",",,T","  -21",",,T"," 3734",",,T"
"USS0010F02S","2019-04-27","43.95","-110.45","2142.7","BASE CAMP, WY US","    0",",,T","  838",",,T","  119",",,T","  -38",",,T","   43",",,T","   53",",,T"," 3531",",,T"
"USS0010F02S","2019-04-28","43.95","-110.45","2142.7","BASE CAMP, WY US","    0",",,T","  838",",,T","   53",",,T","  -76",",,T","   -3",",,T","  -76",",,T"," 3607",",,T"
"USS0010F02S","2019-04-29","43.95","-110.45","2142.7","BASE CAMP, WY US","   25",",,T","  864",",,T","   59",",,T","  -89",",,T","  -19",",,T","  -29",",,T"," 3454",",,T"
"USS0010F02S","2019-04-30","43.95","-110.45","2142.7","BASE CAMP, WY US","   25",",,T","  838",",,T","   67",",,T","  -42",",,T","   -2",",,T","  -41",",,T"," 3454",",,T"
"USS0010F02S","2019-05-01","43.95","-110.45","2142.7","BASE CAMP, WY US","    0",",,T","  813",",,T","   74",",,T","  -75",",,T","  -10",",,T","  -42",",,T"," 3632",",,T"
"USS0010F02S","2019-05-02","43.95","-110.45","2142.7","BASE CAMP, WY US","   25",",,T","  787",",,T","   71",",,T","  -50",",,T","   13",",,T","  -19",",,T"," 3429",",,T"
"USS0010F02S","2019-05-03","43.95","-110.45","2142.7","BASE CAMP, WY US","    0",",,T","  762",",,T","  126",",,T","  -67",",,T","   25",",,T","  -16",",,T"," 3480",",,T"
"USS0010F02S","2019-05-04","43.95","-110.45","2142.7","BASE CAMP, WY US","    0",",,T","  711",",,T","  148",",,T","  -28",",,T","   49",",,T","    6",",,T"," 3150",",,T"
"USS0010F02S","2019-05-05","43.95","-110.45","2142.7","BASE CAMP, WY US","    0",",,T","  686",",,T","  156",",,T","   -7",",,T","   66",",,T","   37",",,T"," 2921",",,T"
"USS0010F02S","2019-05-06","43.95","-110.45","2142.7","BASE CAMP, WY US","    0",",,T","  635",",,T","  178",",,T","   -1",",,T","   74",",,T","   22",",,T"," 2642",",,T"
"USS0010F02S","2019-05-07","43.95","-110.45","2142.7","BASE CAMP, WY US","   25",",,T","  610",",,T","   80",",,T","  -10",",,T","   34",",,T","  -10",",,T"," 2718",",,T"
"USS0010F02S","2019-05-08","43.95","-110.45","2142.7","BASE CAMP, WY US","    0",",,T","  559",",,T","  101",",,T","  -21",",,T","   37",",,T","  -10",",,T"," 2464",",,T"
"USS0010F02S","2019-05-09","43.95","-110.45","2142.7","BASE CAMP, WY US","    0",",,T","  559",",,T","   96",",,T","  -24",",,T","   26",",,T","  -24",",,T"," 2388",",,T"
"USS0010F02S","2019-05-10","43.95","-110.45","2142.7","BASE CAMP, WY US","    0",",,T","  508",",,T","  131",",,T","  -47",",,T","   37",",,T","   -6",",,T"," 2184",",,T"
"USS0010F02S","2019-05-11","43.95","-110.45","2142.7","BASE CAMP, WY US","    0",",,T","  483",",,T","  168",",,T","  -12",",,T","   62",",,T","   11",",,T"," 2007",",,T"
"USS0010F02S","2019-05-12","43.95","-110.45","2142.7","BASE CAMP, WY US","    0",",,T","  432",",,T","  194",",,T","   -3",",,T","   82",",,T","   39",",,T"," 1702",",,T"
"USS0010F02S","2019-05-13","43.95","-110.45","2142.7","BASE CAMP, WY US","    0",",,T","  356",",,T","  207",",,T","   11",",,T","   97",",,T","   21",",,T"," 1397",",,T"
"USS0010F02S","2019-05-14","43.95","-110.45","2142.7","BASE CAMP, WY US","    0",",,T","  305",",,T","  188",",,T","    8",",,T","   83",",,T","   40",",,T"," 1168",",,T"
"USS0010F02S","2019-05-15","43.95","-110.45","2142.7","BASE CAMP, WY US","    0",",,T","  229",",,T","  189",",,T","   25",",,T","   95",",,T","   39",",,T","  864",",,T"
"USS0010F02S","2019-05-16","43.95","-110.45","2142.7","BASE CAMP, WY US","   51",",,T","  152",",,T","  182",",,T","   22",",,T","   77",",,T","   25",",,T","  610",",,T"
"USS0010F02S","2019-05-17","43.95","-110.45","2142.7","BASE CAMP, WY US","  152",",,T","  152",",,T","   69",",,T","    4",",,T","   34",",,T","    4",",,T","  533",",,T"
"USS0010F02S","2019-05-18","43.95","-110.45","2142.7","BASE CAMP, WY US","    0",",,T","  102",",,T","   94",",,T","    3",",,T","   37",",,T","   16",",,T","  381",",,T"
"USS0010F02S","2019-05-19","43.95","-110.45","2142.7","BASE CAMP, WY US","   25",",,T","   51",",,T","  102",",,T","   -2",",,T","   47",",,T","   15",",,T","  178",",,T"
"USS0010F02S","2019-05-20","43.95","-110.45","2142.7","BASE CAMP, WY US","    0",",,T","    0",",,T","   94",",,T","  -14",",,T","   34",",,T","   -2",",,T","    0",",,T"
"USS0010F02S","2019-05-21","43.95","-110.45","2142.7","BASE CAMP, WY US","    0",",,T","    0",",,T","   83",",,T","  -13",",,T","   33",",,T","   12",",,T","    0",",,T"
"USS0010F02S","2019-05-22","43.95","-110.45","2142.7","BASE CAMP, WY US","    0",",,T","    0",",,T","   80",",,T","   -2",",,T","   37",",,T","   -2",",,T","    0",",,T"
"USS0010F02S","2019-05-23","43.95","-110.45","2142.7","BASE CAMP, WY US","   25",",,T","    0",",,T","   90",",,T","  -22",",,T","   35",",,T","   12",",,T","    0",",,T"
"USS0010F02S","2019-05-24","43.95","-110.45","2142.7","BASE CAMP, WY US","   51",",,T","    0",",,T","  108",",,T","    6",",,T","   38",",,T","   13",",,T","    0",",,T"
"USS0010F02S","2019-05-25","43.95","-110.45","2142.7","BASE CAMP, WY US","   51",",,T","    0",",,T","  136",",,T","    5",",,T","   57",",,T","   31",",,T","    0",",,T"
"USS0010F02S","2019-05-26","43.95","-110.45","2142.7","BASE CAMP, WY US","   51",",,T","    0",",,T","  156",",,T","   15",",,T","   68",",,T","   32",",,T","    0",",,T"
"USS0010F02S","2019-05-27","43.95","-110.45","2142.7","BASE CAMP, WY US","    0",",,T","    0",",,T","  113",",,T","   21",",,T","   59",",,T","   25",",,T","    0",",,T"
"USS0010F02S","2019-05-28","43.95","-110.45","2142.7","BASE CAMP, WY US","    0",",,T","    0",",,T","  124",",,T","    1",",,T","   57",",,T","    5",",,T","    0",",,T"
"USS0010F02S","2019-05-29","43.95","-110.45","2142.7","BASE CAMP, WY US","    0",",,T","    0",",,T","  182",",,T","  -10",",,T","   79",",,T","   17",",,T","    0",",,T"
"USS0010F02S","2019-05-30","43.95","-110.45","2142.7","BASE CAMP, WY US","    0",",,T","    0",",,T","  196",",,T","    7",",,T","   87",",,T","   31",",,T","    0",",,T"
"USS0010F02S","2019-05-31","43.95","-110.45","2142.7","BASE CAMP, WY US","    0",",,T","    0",",,T","  192",",,T","   19",",,T","   87",",,T","   35",",,T","    0",",,T"
"USS0010F02S","2019-06-01","43.95","-110.45","2142.7","BASE CAMP, WY US","    0",",,T","    0",",,T","  204",",,T","   15",",,T","   99",",,T","   51",",,T","    0",",,T"
"USS0010F02S","2019-06-02","43.95","-110.45","2142.7","BASE CAMP, WY US","    0",",,T","    0",",,T","  217",",,T","   25",",,T","  109",",,T","   41",",,T","    0",",,T"
"USS0010F02S","2019-06-03","43.95","-110.45","2142.7","BASE CAMP, WY US","    0",",,T","    0",",,T","  198",",,T","   23",",,T","  103",",,T","   55",",,T","    0",",,T"
"USS0010F02S","2019-06-04","43.95","-110.45","2142.7","BASE CAMP, WY US","    0",",,T","    0",",,T","  216",",,T","   40",",,T","  112",",,T","   62",",,T","    0",",,T"
"USS0010F02S","2019-06-05","43.95","-110.45","2142.7","BASE CAMP, WY US","    0",",,T","    0",",,T","  230",",,T","   36",",,T","  122",",,T","   53",",,T","    0",",,T"
"USS0010F02S","2019-06-06","43.95","-110.45","2142.7","BASE CAMP, WY US","   25",",,T","    0",",,T","  169",",,T","   30",",,T","  100",",,T","   62",",,T","    0",",,T"
"USS0010F02S","2019-06-07","43.95","-110.45","2142.7","BASE CAMP, WY US","  102",",,T","    0",",,T","  133",",,T","   12",",,T","   71",",,T","   12",",,T","    0",",,T"
"USS0010F02S","2019-06-08","43.95","-110.45","2142.7","BASE CAMP, WY US","   76",",,T","    0",",,T","   45",",,T","  -11",",,T","   16",",,T","   -9",",,T","    0",",,T"
"USS0010F02S","2019-06-09","43.95","-110.45","2142.7","BASE CAMP, WY US","    0",",,T","    0",",,T","  122",",,T","  -18",",,T","   39",",,T","   -2",",,T","    0",",,T"
"USS0010F02S","2019-06-10","43.95","-110.45","2142.7","BASE CAMP, WY US","    0",",,T","    0",",,T","  179",",,T","   -5",",,T","   79",",,T","   46",",,T","    0",",,T"
"USS0010F02S","2019-06-11","43.95","-110.45","2142.7","BASE CAMP, WY US","    0",",,T","    0",",,T","  195",",,T","   21",",,T","  108",",,T","   53",",,T","    0",",,T"
"USS0010F02S","2019-06-12","43.95","-110.45","2142.7","BASE CAMP, WY US","    0",",,T","    0",",,T","  219",",,T","   51",",,T","  132",",,T","  109",",,T","    0",",,T"
"USS0010F02S","2019-06-13","43.95","-110.45","2142.7","BASE CAMP, WY US","    0",",,T","    0",",,T","  204",",,T","   64",",,T","  126",",,T","   64",",,T","    0",",,T"
"USS0010F02S","2019-06-14","43.95","-110.45","2142.7","BASE CAMP, WY US","    0",",,T","    0",",,T","  202",",,T","   56",",,T","  120",",,T","   68",",,T","    0",",,T"
"USS0010F02S","2019-06-15","43.95","-110.45","2142.7","BASE CAMP, WY US","    0",",,T","    0",",,T","  218",",,T","   66",",,T","  136",",,T","   73",",,T","    0",",,T"
"USS0010F02S","2019-06-16","43.95","-110.45","2142.7","BASE CAMP, WY US","    0",",,T","    0",",,T","  233",",,T","   47",",,T","  128",",,T","   81",",,T","    0",",,T"
"USS0010F02S","2019-06-17","43.95","-110.45","2142.7","BASE CAMP, WY US","    0",",,T","    0",",,T","  201",",,T","   53",",,T","  113",",,T","   53",",,T","    0",",,T"
"USS0010F02S","2019-06-18","43.95","-110.45","2142.7","BASE CAMP, WY US","    0",",,T","    0",",,T","  191",",,T","   39",",,T","  108",",,T","   51",",,T","    0",",,T"
"USS0010F02S","2019-06-19","43.95","-110.45","2142.7","BASE CAMP, WY US","    0",",,T","    0",",,T","  198",",,T","   18",",,T","  107",",,T","   18",",,T","    0",",,T"
"USS0010F02S","2019-06-20","43.95","-110.45","2142.7","BASE CAMP, WY US","    0",",,T","    0",",,T","  137",",,T","   -4",",,T","   60",",,T","   14",",,T","    0",",,T"
"USS0010F02S","2019-06-21","43.95","-110.45","2142.7","BASE CAMP, WY US","    0",",,T","    0",",,T","  115",",,T","  -12",",,T","   39",",,T","  -11",",,T","    0",",,T"
"USS0010F02S","2019-06-22","43.95","-110.45","2142.7","BASE CAMP, WY US","    0",",,T","    0",",,T","  136",",,T","  -23",",,T","   55",",,T","   14",",,T","    0",",,T"
"USS0010F02S","2019-06-23","43.95","-110.45","2142.7","BASE CAMP, WY US","    0",",,T","    0",",,T","  141",",,T","    8",",,T","   76",",,T","   40",",,T","    0",",,T"
"USS0010F02S","2019-06-24","43.95","-110.45","2142.7","BASE CAMP, WY US","   51",",,T","    0",",,T","  185",",,T","   14",",,T","   94",",,T","   32",",,T","    0",",,T"
"USS0010F02S","2019-06-25","43.95","-110.45","2142.7","BASE CAMP, WY US","    0",",,T","    0",",,T","  208",",,T","   17",",,T","  106",",,T","   84",",,T","    0",",,T"
"USS0010F02S","2019-06-26","43.95","-110.45","2142.7","BASE CAMP, WY US","    0",",,T","    0",",,T","  245",",,T","   63",",,T","  145",",,T","   63",",,T","    0",",,T"
"USS0010F02S","2019-06-27","43.95","-110.45","2142.7","BASE CAMP, WY US","    0",",,T","    0",",,T","  243",",,T","   56",",,T","  143",",,T","   85",",,T","    0",",,T"
"USS0010F02S","2019-06-28","43.95","-110.45","2142.7","BASE CAMP, WY US","    0",",,T","    0",",,T","  260",",,T","   50",",,T","  152",",,T","   86",",,T","    0",",,T"
"USS0010F02S","2019-06-29","43.95","-110.45","2142.7","BASE CAMP, WY US","    0",",,T","    0",",,T","  252",",,T","   36",",,T","  140",",,T","   88",",,T","    0",",,T"
"USS0010F02S","2019-06-30","43.95","-110.45","2142.7","BASE CAMP, WY US","    0",",,T","    0",",,T","  242",",,T","   57",",,T","  146",",,T","   81",",,T","    0",",,T"
"USS0010F02S","2019-07-01","43.95","-110.45","2142.7","BASE CAMP, WY US","    0",",,T","    0",",,T","  248",",,T","   64",",,T","  140",",,T","   78",",,T","    0",",,T"
"USS0010F02S","2019-07-02","43.95","-110.45","2142.7","BASE CAMP, WY US","    0",",,T","    0",",,T","  258",",,T","   60",",,T","  147",",,T","  102",",,T","    0",",,T"
"USS0010F02S","2019-07-03","43.95","-110.45","2142.7","BASE CAMP, WY US","    0",",,T","    0",",,T","  222",",,T","   77",",,T","  128",",,T","   77",",,T","    0",",,T"
"USS0010F02S","2019-07-04","43.95","-110.45","2142.7","BASE CAMP, WY US","  178",",,T","    0",",,T","  211",",,T","   52",",,T","  121",",,T","   89",",,T","    0",",,T"
"USS0010F02S","2019-07-05","43.95","-110.45","2142.7","BASE CAMP, WY US","   25",",,T","    0",",,T","  210",",,T","   66",",,T","  119",",,T","   78",",,T","    0",",,T"
"USS0010F02S","2019-07-06","43.95","-110.45","2142.7","BASE CAMP, WY US","    0",",,T","    0",",,T","  242",",,T","   53",",,T","  145",",,T","   91",",,T","    0",",,T"
"USS0010F02S","2019-07-07","43.95","-110.45","2142.7","BASE CAMP, WY US","    0",",,T","    0",",,T","  255",",,T","   66",",,T","  151",",,T","  101",",,T","    0",",,T"
"USS0010F02S","2019-07-08","43.95","-110.45","2142.7","BASE CAMP, WY US","    0",",,T","    0",",,T","  202",",,T","   44",",,T","  117",",,T","   50",",,T","    0",",,T"
"USS0010F02S","2019-07-09","43.95","-110.45","2142.7","BASE CAMP, WY US","   51",",,T","    0",",,T","  196",",,T","   37",",,T","  102",",,T","   61",",,T","    0",",,T"
"USS0010F02S","2019-07-10","43.95","-110.45","2142.7","BASE CAMP, WY US","   25",",,T","    0",",,T","  260",",,T","   36",",,T","  139",",,T","   88",",,T","    0",",,T"
"USS0010F02S","2019-07-11","43.95","-110.45","2142.7","BASE CAMP, WY US","    0",",,T","    0",",,T","  289",",,T","   81",",,T","  170",",,T","   95",",,T","    0",",,T"
"USS0010F02S","2019-07-12","43.95","-110.45","2142.7","BASE CAMP, WY US","    0",",,T","    0",",,T","  293",",,T","   81",",,T","  174",",,T","  115",",,T","    0",",,T"
"USS0010F02S","2019-07-13","43.95","-110.45","2142.7","BASE CAMP, WY US","   25",",,T","    0",",,T","  269",",,T","   82",",,T","  171",",,T","  129",",,T","    0",",,T"
"USS0010F02S","2019-07-14","43.95","-110.45","2142.7","BASE CAMP, WY US","    0",",,T","    0",",,T","  273",",,T","   85",",,T","  163",",,T","   92",",,T","    0",",,T"
"USS0010F02S","2019-07-15","43.95","-110.45","2142.7","BASE CAMP, WY US","    0",",,T","    0",",,T","  270",",,T","   69",",,T","  158",",,T","   89",",,T","    0",",,T"
"USS0010F02S","2019-07-16","43.95","-110.45","2142.7","BASE CAMP, WY US","    0",",,T","    0",",,T","  238",",,T","   62",",,T","  146",",,T","   82",",,T","    0",",,T"
"USS0010F02S","2019-07-17","43.95","-110.45","2142.7","BASE CAMP, WY US","    0",",,T","    0",",,T","  230",",,T","   50",",,T","  140",",,T","   85",",,T","    0",",,T"
"USS0010F02S","2019-07-18","43.95","-110.45","2142.7","BASE CAMP, WY US","    0",",,T","    0",",,T","  243",",,T","   66",",,T","  155",",,T","   91",",,T","    0",",,T"
"USS0010F02S","2019-07-19","43.95","-110.45","2142.7","BASE CAMP, WY US","    0",",,T","    0",",,T","  244",",,T","   70",",,T","  152",",,T","   70",",,T","    0",",,T"
"USS0010F02S","2019-07-20","43.95","-110.45","2142.7","BASE CAMP, WY US","    0",",,T","    0",",,T","  255",",,T","   51",",,T","  147",",,T","   89",",,T","    0",",,T"
"USS0010F02S","2019-07-21","43.95","-110.45","2142.7","BASE CAMP, WY US","    0",",,T","    0",",,T","  280",",,T","   58",",,T","  163",",,T","  102",",,T","    0",",,T"
"USS0010F02S","2019-07-22","43.95","-110.45","2142.7","BASE CAMP, WY US","    0",",,T","    0",",,T","  302",",,T","   90",",,T","  185",",,T","  118",",,T","    0",",,T"
"USS0010F02S","2019-07-23","43.95","-110.45","2142.7","BASE CAMP, WY US","    0",",,T","    0",",,T","  301",",,T","   95",",,T","  171",",,T","  121",",,T","    0",",,T"
"USS0010F02S","2019-07-24","43.95","-110.45","2142.7","BASE CAMP, WY US","    0",",,T","    0",",,T","  269",",,T","   81",",,T","  160",",,T","   90",",,T","    0",",,T"
"USS0010F02S","2019-07-25","43.95","-110.45","2142.7","BASE CAMP, WY US","    0",",,T","    0",",,T","  264",",,T","   53",",,T","  150",",,T","   81",",,T","    0",",,T"
"USS0010F02S","2019-07-26","43.95","-110.45","2142.7","BASE CAMP, WY US","    0",",,T","    0",",,T","  278",",,T","   53",",,T","  163",",,T","  133",",,T","    0",",,T"
"USS0010F02S","2019-07-27","43.95","-110.45","2142.7","BASE CAMP, WY US","    0",",,T","    0",",,T","  216",",,T","   66",",,T","  144",",,T","   66",",,T","    0",",,T"
"USS0010F02S","2019-07-28","43.95","-110.45","2142.7","BASE CAMP, WY US","    0",",,T","    0",",,T","  249",",,T","   53",",,T","  139",",,T","   91",",,T","    0",",,T"
"USS0010F02S","2019-07-29","43.95","-110.45","2142.7","BASE CAMP, WY US","    0",",,T","    0",",,T","  142",",,T","   68",",,T","  105",",,T","   93",",,T","    0",",,T"
"USS0010F02S","2019-07-30","43.95","-110.45","2142.7","BASE CAMP, WY US","   51",",,T","    0",",,T","  267",",,T","   71",",,T","  154",",,T","  116",",,T","    0",",,T"
"USS0010F02S","2019-07-31","43.95","-110.45","2142.7","BASE CAMP, WY US","   25",",,T","    0",",,T","  267",",,T","   79",",,T","  167",",,T","  124",",,T","    0",",,T"
"USS0010F02S","2019-08-01","43.95","-110.45","2142.7","BASE CAMP, WY US","   25",",,T","    0",",,T","  274",",,T","   92",",,T","  166",",,T","   92",",,T","    0",",,T"
"USS0010F02S","2019-08-02","43.95","-110.45","2142.7","BASE CAMP, WY US","   25",",,T","    0",",,T","  271",",,T","   67",",,T","  150",",,T","   98",",,T","    0",",,T"
"USS0010F02S","2019-08-03","43.95","-110.45","2142.7","BASE CAMP, WY US","   25",",,T","    0",",,T","  286",",,T","   80",",,T","  174",",,T","  107",",,T","    0",",,T"
"USS0010F02S","2019-08-04","43.95","-110.45","2142.7","BASE CAMP, WY US","    0",",,T","    0",",,T","  280",",,T","   92",",,T","  162",",,T","   97",",,T","    0",",,T"
"USS0010F02S","2019-08-05","43.95","-110.45","2142.7","BASE CAMP, WY US","   25",",,T","    0",",,T","  274",",,T","   81",",,T","  161",",,T","  115",",,T","    0",",,T"
"USS0010F02S","2019-08-06","43.95","-110.45","2142.7","BASE CAMP, WY US","    0",",,T","    0",",,T","  281",",,T","   85",",,T","  169",",,T","  126",",,T","    0",",,T"
"USS0010F02S","2019-08-07","43.95","-110.45","2142.7","BASE CAMP, WY US","    0",",,T","    0",",,T","  270",",,T","   86",",,T","  169",",,T","   89",",,T","    0",",,T"
"USS0010F02S","2019-08-08","43.95","-110.45","2142.7","BASE CAMP, WY US","    0",",,T","    0",",,T","  255",",,T","   73",",,T","  141",",,T","  118",",,T","    0",",,T"
"USS0010F02S","2019-08-09","43.95","-110.45","2142.7","BASE CAMP, WY US","    0",",,T","    0",",,T","  226",",,T","   94",",,T","  145",",,T","   94",",,T","    0",",,T"
"USS0010F02S","2019-08-10","43.95","-110.45","2142.7","BASE CAMP, WY US","    0",",,T","    0",",,T","  255",",,T","   79",",,T","  152",",,T","   94",",,T","    0",",,T"
"USS0010F02S","2019-08-11","43.95","-110.45","2142.7","BASE CAMP, WY US","    0",",,T","    0",",,T","  235",",,T","   49",",,T","  138",",,T","   49",",,T","    0",",,T"
"USS0010F02S","2019-08-12","43.95","-110.45","2142.7","BASE CAMP, WY US","    0",",,T","    0",",,T","  212",",,T","   27",",,T","  110",",,T","   61",",,T","    0",",,T"
"USS0010F02S","2019-08-13","43.95","-110.45","2142.7","BASE CAMP, WY US","   25",",,T","    0",",,T","  242",",,T","   34",",,T","  128",",,T","   74",",,T","    0",",,T"
"USS0010F02S","2019-08-14","43.95","-110.45","2142.7","BASE CAMP, WY US","    0",",,T","    0",",,T","  251",",,T","   44",",,T","  142",",,T","   92",",,T","    0",",,T"
"USS0010F02S","2019-08-15","43.95","-110.45","2142.7","BASE CAMP, WY US","    0",",,T","    0",",,T","  232",",,T","   58",",,T","  129",",,T","   76",",,T","    0",",,T"
"USS0010F02S","2019-08-16","43.95","-110.45","2142.7","BASE CAMP, WY US","    0",",,T","    0",",,T","  215",",,T","   50",",,T","  121",",,T","   51",",,T","    0",",,T"
"USS0010F02S","2019-08-17","43.95","-110.45","2142.7","BASE CAMP, WY US","    0",",,T","    0",",,T","  220",",,T","   26",",,T","  114",",,T","   61",",,T","    0",",,T"
"USS0010F02S","2019-08-18","43.95","-110.45","2142.7","BASE CAMP, WY US","    0",",,T","    0",",,T","  249",",,T","   33",",,T","  132",",,T","   73",",,T","    0",",,T"
"USS0010F02S","2019-08-19","43.95","-110.45","2142.7","BASE CAMP, WY US","    0",",,T","    0",",,T","  286",",,T","   53",",,T","  158",",,T","   92",",,T","    0",",,T"
"USS0010F02S","2019-08-20","43.95","-110.45","2142.7","BASE CAMP, WY US","    0",",,T","    0",",,T","  294",",,T","   68",",,T","  168",",,T","  111",",,T","    0",",,T"
"USS0010F02S","2019-08-21","43.95","-110.45","2142.7","BASE CAMP, WY US","    0",",,T","    0",",,T","  249",",,T","   86",",,T","  156",",,T","   91",",,T","    0",",,T"
"USS0010F02S","2019-08-22","43.95","-110.45","2142.7","BASE CAMP, WY US","    0",",,T","    0",",,T","  229",",,T","   68",",,T","  139",",,T","   79",",,T","    0",",,T"
"USS0010F02S","2019-08-23","43.95","-110.45","2142.7","BASE CAMP, WY US","    0",",,T","    0",",,T","  218",",,T","   51",",,T","  119",",,T","   68",",,T","    0",",,T"
"USS0010F02S","2019-08-24","43.95","-110.45","2142.7","BASE CAMP, WY US","    0",",,T","    0",",,T","  248",",,T","   52",",,T","  137",",,T","   97",",,T","    0",",,T"
"USS0010F02S","2019-08-25","43.95","-110.45","2142.7","BASE CAMP, WY US","    0",",,T","    0",",,T","  233",",,T","   58",",,T","  139",",,T","   59",",,T","    0",",,T"
"USS0010F02S","2019-08-26","43.95","-110.45","2142.7","BASE CAMP, WY US","    0",",,T","    0",",,T","  199",",,T","   21",",,T","   99",",,T","   40",",,T","    0",",,T"
"USS0010F02S","2019-08-27","43.95","-110.45","2142.7","BASE CAMP, WY US","    0",",,T","    0",",,T","  236",",,T","   12",",,T","  112",",,T","   63",",,T","    0",",,T"
"USS0010F02S","2019-08-28","43.95","-110.45","2142.7","BASE CAMP, WY US","    0",",,T","    0",",,T","  266",",,T","   24",",,T","  131",",,T","   77",",,T","    0",",,T"
"USS0010F02S","2019-08-29","43.95","-110.45","2142.7","BASE CAMP, WY US","    0",",,T","    0",",,T","  270",",,T","   40",",,T","  143",",,T","   88",",,T","    0",",,T"
"USS0010F02S","2019-08-30","43.95","-110.45","2142.7","BASE CAMP, WY US","    0",",,T","    0",",,T","  243",",,T","   68",",,T","  127",",,T","   85",",,T","    0",",,T"
"USS0010F02S","2019-08-31","43.95","-110.45","2142.7","BASE CAMP, WY US","    0",",,T","    0",",,T","  265",",,T","   56",",,T","  141",",,T","   81",",,T","    0",",,T"
"USS0010F02S","2019-09-01","43.95","-110.45","2142.7","BASE CAMP, WY US","    0",",,T","    0",",,T","  279",",,T","   45",",,T","  148",",,T","   93",",,T","    0",",,T"
"USS0010F02S","2019-09-02","43.95","-110.45","2142.7","BASE CAMP, WY US","    0",",,T","    0",",,T","  279",",,T","   55",",,T","  154",",,T","   90",",,T","    0",",,T"
"USS0010F02S","2019-09-03","43.95","-110.45","2142.7","BASE CAMP, WY US","   25",",,T","    0",",,T","  271",",,T","   73",",,T","  150",",,T","  100",",,T","    0",",,T"
"USS0010F02S","2019-09-04","43.95","-110.45","2142.7","BASE CAMP, WY US","    0",",,T","    0",",,T","  270",",,T","   66",",,T","  154",",,T","   98",",,T","    0",",,T"
"USS0010F02S","2019-09-05","43.95","-110.45","2142.7","BASE CAMP, WY US","    0",",,T","    0",",,T","  280",",,T","   69",",,T","  166",",,T","  133",",,T","    0",",,T"
"USS0010F02S","2019-09-06","43.95","-110.45","2142.7","BASE CAMP, WY US","   76",",,T","    0",",,T","  191",",,T","   81",",,T","  130",",,T","   89",",,T","    0",",,T"
"USS0010F02S","2019-09-07","43.95","-110.45","2142.7","BASE CAMP, WY US","    0",",,T","    0",",,T","  198",",,T","   69",",,T","  112",",,T","   77",",,T","    0",",,T"
"USS0010F02S","2019-09-08","43.95","-110.45","2142.7","BASE CAMP, WY US","    0",",,T","    0",",,T","  136",",,T","   47",",,T","   84",",,T","   79",",,T","    0",",,T"
"USS0010F02S","2019-09-09","43.95","-110.45","2142.7","BASE CAMP, WY US","    0",",,T","    0",",,T","  161",",,T","   43",",,T","   86",",,T","   49",",,T","    0",",,T"
"USS0010F02S","2019-09-10","43.95","-110.45","2142.7","BASE CAMP, WY US","    0",",,T","    0",",,T","  133",",,T","   42",",,T","   73",",,T","   47",",,T","    0",",,T"
"USS0010F02S","2019-09-11","43.95","-110.45","2142.7","BASE CAMP, WY US","  152",",,T","    0",",,T","   69",",,T","   31",",,T","   51",",,T","   50",",,T","    0",",,T"
"USS0010F02S","2019-09-12","43.95","-110.45","2142.7","BASE CAMP, WY US","    0",",,T","    0",",,T","  143",",,T","   19",",,T","   66",",,T","   19",",,T","    0",",,T"
"USS0010F02S","2019-09-13","43.95","-110.45","2142.7","BASE CAMP, WY US","    0",",,T","    0",",,T","  182",",,T","    0",",,T","   77",",,T","   29",",,T","    0",",,T"
"USS0010F02S","2019-09-14","43.95","-110.45","2142.7","BASE CAMP, WY US","    0",",,T","    0",",,T","  213",",,T","   21",",,T","  101",",,T","   49",",,T","    0",",,T"
"USS0010F02S","2019-09-15","43.95","-110.45","2142.7","BASE CAMP, WY US","    0",",,T","    0",",,T","  248",",,T","   36",",,T","  118",",,T","   56",",,T","    0",",,T"
"USS0010F02S","2019-09-16","43.95","-110.45","2142.7","BASE CAMP, WY US",,,"    0",",,T","  237",",,T","   29",",,T","  119",",,T","   90",",,T","    0",",,T"
"USS0010F02S","2019-09-17","43.95","-110.45","2142.7","BASE CAMP, WY US","  102",",,T","    0",",,T","   90",",,T","    1",",,T","   54",",,T","    3",",,T","    0",",,T"
"USS0010F02S","2019-09-18","43.95","-110.45","2142.7","BASE CAMP, WY US","    0",",,T","    0",",,T","  175",",,T","  -13",",,T","   70",",,T","   64",",,T","    0",",,T"
"USS0010F02S","2019-09-19","43.95","-110.45","2142.7","BASE CAMP, WY US","    0",",,T","    0",",,T","  203",",,T","    6",",,T","  102",",,T","   62",",,T","    0",",,T"
"USS0010F02S","2019-09-20","43.95","-110.45","2142.7","BASE CAMP, WY US","  254",",,T","    0",",,T","   63",",,T","   12",",,T","   42",",,T","   15",",,T","    0",",,T"
"USS0010F02S","2019-09-21","43.95","-110.45","2142.7","BASE CAMP, WY US","    0",",,T","    0",",,T","   89",",,T","   15",",,T","   43",",,T","   36",",,T","    0",",,T"
"USS0010F02S","2019-09-22","43.95","-110.45","2142.7","BASE CAMP, WY US","    0",",,T","    0",",,T","  147",",,T","   22",",,T","   63",",,T","   22",",,T","    0",",,T"
"USS0010F02S","2019-09-23","43.95","-110.45","2142.7","BASE CAMP, WY US","    0",",,T","    0",",,T","  182",",,T","    9",",,T","   74",",,T","   34",",,T","    0",",,T"
"USS0010F02S","2019-09-24","43.95","-110.45","2142.7","BASE CAMP, WY US","    0",",,T","    0",",,T","  159",",,T","   33",",,T","   93",",,T","   66",",,T","    0",",,T"
"USS0010F02S","2019-09-25","43.95","-110.45","2142.7","BASE CAMP, WY US","   25",",,T","    0",",,T","  164",",,T","   19",",,T","   75",",,T","   23",",,T","    0",",,T"
"USS0010F02S","2019-09-26","43.95","-110.45","2142.7","BASE CAMP, WY US","    0",",,T","    0",",,T","  181",",,T","   -5",",,T","   90",",,T","   55",",,T","    0",",,T"
"USS0010F02S","2019-09-27","43.95","-110.45","2142.7","BASE CAMP, WY US","   76",",,T","    0",",,T","  135",",,T","   17",",,T","   60",",,T","   21",",,T","    0",",,T"
"USS0010F02S","2019-09-28","43.95","-110.45","2142.7","BASE CAMP, WY US","  254",",,T","    0",",,T","   64",",,T","   14",",,T","   35",",,T","   21",",,T","    0",",,T"
"USS0010F02S","2019-09-29","43.95","-110.45","2142.7","BASE CAMP, WY US","   25",",,T","    0",",,T","   83",",,T","  -22",",,T","   29",",,T","  -19",",,T","    0",",,T"
"USS0010F02S","2019-09-30","43.95","-110.45","2142.7","BASE CAMP, WY US","   25",",,T","    0",",,T","   76",",,T","  -32",",,T","    9",",,T","   -9",",,T","    0",",,T"
"USS0010F02S","2019-10-01","43.95","-110.45","2142.7","BASE CAMP, WY US","    0",",,T","    0",",,T","   95",",,T","  -21",",,T","   24",",,T","    6",",,T","    0",",,T"
"USS0010F02S","2019-10-02","43.95","-110.45","2142.7","BASE CAMP, WY US","   51",",,T","    0",",,T","   45",",,T","  -46",",,T","   -2",",,T","  -46",",,T","    0",",,T"
"USS0010F02S","2019-10-03","43.95","-110.45","2142.7","BASE CAMP, WY US","    0",",,T","    0",",,T","  127",",,T","  -66",",,T","   11",",,T","   -4",",,T","    0",",,T"
"USS0010F02S","2019-10-04","43.95","-110.45","2142.7","BASE CAMP, WY US","   76",",,T","    0",",,T","   93",",,T","  -20",",,T","   16",",,T","    3",",,T","    0",",,T"
"USS0010F02S","2019-10-05","43.95","-110.45","2142.7","BASE CAMP, WY US","    0",",,T","    0",",,T","   43",",,T","  -26",",,T","    4",",,T","  -26",",,T","    0",",,T"
"USS0010F02S","2019-10-06","43.95","-110.45","2142.7","BASE CAMP, WY US","    0",",,T","    0",",,T","   97",",,T","  -42",",,T","    6",",,T","  -22",",,T","    0",",,T"
"USS0010F02S","2019-10-07","43.95","-110.45","2142.7","BASE CAMP, WY US","    0",",,T","    0",",,T","  128",",,T","  -46",",,T","   20",",,T","  -17",",,T","    0",",,T"
"USS0010F02S","2019-10-08","43.95","-110.45","2142.7","BASE CAMP, WY US","    0",",,T","    0",",,T","  156",",,T","  -31",",,T","   57",",,T","   66",",,T","    0",",,T"
"USS0010F02S","2019-10-09","43.95","-110.45","2142.7","BASE CAMP, WY US","   51",",,T","    0",",,T","   68",",,T","  -79",",,T","   -2",",,T","  -79",",,T","    0",",,T"
"USS0010F02S","2019-10-10","43.95","-110.45","2142.7","BASE CAMP, WY US","    0",",,T","    0",",,T","  -18",",,T"," -115",",,T","  -74",",,T"," -114",",,T","    0",",,T"
"USS0010F02S","2019-10-11","43.95","-110.45","2142.7","BASE CAMP, WY US","   25",",,T","    0",",,T","   45",",,T"," -133",",,T","  -50",",,T","  -66",",,T","    0",",,T"
"USS0010F02S","2019-10-12","43.95","-110.45","2142.7","BASE CAMP, WY US","    0",",,T","    0",",,T","   95",",,T","  -95",",,T","  -13",",,T","  -27",",,T","    0",",,T"
"USS0010F02S","2019-10-13","43.95","-110.45","2142.7","BASE CAMP, WY US","    0",",,T","    0",",,T","  127",",,T","  -55",",,T","   11",",,T","  -19",",,T","    0",",,T"
"USS0010F02S","2019-10-14","43.95","-110.45","2142.7","BASE CAMP, WY US","    0",",,T","    0",",,T","  119",",,T","  -47",",,T","   18",",,T","  -18",",,T","    0",",,T"
"USS0010F02S","2019-10-15","43.95","-110.45","2142.7","BASE CAMP, WY US","    0",",,T","   25",",,T","  126",",,T","  -28",",,T","   29",",,T","   -2",",,T","   25",",,T"
"USS0010F02S","2019-10-16","43.95","-110.45","2142.7","BASE CAMP, WY US","    0",",,T","   25",",,T","  163",",,T","  -21",",,T","   43",",,T","    1",",,T","   25",",,T"
"USS0010F02S","2019-10-17","43.95","-110.45","2142.7","BASE CAMP, WY US","    0",",,T","   25",",,T","  131",",,T","  -19",",,T","   44",",,T","   14",",,T","   25",",,T"
"USS0010F02S","2019-10-18","43.95","-110.45","2142.7","BASE CAMP, WY US","   51",",,T","   25",",,T","   37",",,T","  -25",",,T","    2",",,T","  -23",",,T","   51",",,T"
"USS0010F02S","2019-10-19","43.95","-110.45","2142.7","BASE CAMP, WY US","  152",",,T","  203",",,T","   25",",,T","  -46",",,T","  -12",",,T","  -20",",,T","  229",",,T"
"USS0010F02S","2019-10-20","43.95","-110.45","2142.7","BASE CAMP, WY US","   25",",,T","  203",",,T","   14",",,T","  -40",",,T","  -15",",,T","  -39",",,T","  254",",,T"
"USS0010F02S","2019-10-21","43.95","-110.45","2142.7","BASE CAMP, WY US","   25",",,T","  178",",,T","   39",",,T","  -39",",,T","   -8",",,T","  -10",",,T","  254",",,T"
"USS0010F02S","2019-10-22","43.95","-110.45","2142.7","BASE CAMP, WY US","   51",",,T","  178",",,T","   24",",,T","  -10",",,T","    8",",,T","    3",",,T","  356",",,T"
"USS0010F02S","2019-10-23","43.95","-110.45","2142.7","BASE CAMP, WY US","   25",",,T","  178",",,T","   35",",,T","  -90",",,T","  -26",",,T","  -90",",,T","  330",",,T"
"USS0010F02S","2019-10-24","43.95","-110.45","2142.7","BASE CAMP, WY US","   25",",,T","  178",",,T","   28",",,T"," -128",",,T","  -40",",,T","   -5",",,T","  356",",,T"
"USS0010F02S","2019-10-25","43.95","-110.45","2142.7","BASE CAMP, WY US","    0",",,T","  178",",,T","   78",",,T","  -55",",,T","   -1",",,T","  -13",",,T","  356",",,T"
"USS0010F02S","2019-10-26","43.95","-110.45","2142.7","BASE CAMP, WY US","    0",",,T","  178",",,T","   32",",,T","  -64",",,T","  -20",",,T","  -61",",,T","  356",",,T"
"USS0010F02S","2019-10-27","43.95","-110.45","2142.7","BASE CAMP, WY US","    0",",,T","  178",",,T","  -30",",,T"," -169",",,T","  -93",",,T"," -169",",,T","  330",",,T"
"USS0010F02S","2019-10-28","43.95","-110.45","2142.7","BASE CAMP, WY US","    0",",,T","  229",",,T","  -53",",,T"," -195",",,T"," -118",",,T"," -117",",,T","  381",",,T"
"USS0010F02S","2019-10-29","43.95","-110.45","2142.7","BASE CAMP, WY US","    0",",,T","  203",",,T","  -67",",,T"," -200",",,T"," -139",",,T"," -199",",,T","  356",",,T"
"USS0010F02S","2019-10-30","43.95","-110.45","2142.7","BASE CAMP, WY US","    0",",,T","  203",",,T","  -37",",,T"," -231",",,T"," -138",",,T"," -154",",,T","  356",",,T"
"USS0010F02S","2019-10-31","43.95","-110.45","2142.7","BASE CAMP, WY US","   25",",,T","  203",",,T","  -16",",,T"," -176",",,T","  -87",",,T","  -69",",,T","  406",",,T"
"USS0010F02S","2019-11-01","43.95","-110.45","2142.7","BASE CAMP, WY US","    0",",,T","  203",",,T","   25",",,T"," -125",",,T","  -61",",,T"," -107",",,T","  406",",,T"
"USS0010F02S","2019-11-02","43.95","-110.45","2142.7","BASE CAMP, WY US","    0",",,T","  203",",,T","   35",",,T"," -132",",,T","  -47",",,T","  -30",",,T","  432",",,T"
"USS0010F02S","2019-11-03","43.95","-110.45","2142.7","BASE CAMP, WY US","    0",",,T","  203",",,T","   62",",,T","  -37",",,T","    4",",,T","    2",",,T","  457",",,T"
"USS0010F02S","2019-11-04","43.95","-110.45","2142.7","BASE CAMP, WY US","    0",",,T","  203",",,T","   67",",,T","  -12",",,T","   21",",,T","    1",",,T","  457",",,T"
"USS0010F02S","2019-11-05","43.95","-110.45","2142.7","BASE CAMP, WY US","    0",",,T","  203",",,T","   88",",,T","  -32",",,T","    9",",,T","  -31",",,T","  432",",,T"
"USS0010F02S","2019-11-06","43.95","-110.45","2142.7","BASE CAMP, WY US","    0",",,T","  203",",,T","   92",",,T","  -53",",,T","   -4",",,T","  -53",",,T","  432",",,T"
"USS0010F02S","2019-11-07","43.95","-110.45","2142.7","BASE CAMP, WY US","    0",",,T","  203",",,T","   59",",,T"," -103",",,T","  -32",",,T","  -52",",,T","  406",",,T"
"USS0010F02S","2019-11-08","43.95","-110.45","2142.7","BASE CAMP, WY US","    0",",,T","  203",",,T","   93",",,T","  -75",",,T","  -11",",,T","  -27",",,T","  432",",,T"
"USS0010F02S","2019-11-09","43.95","-110.45","2142.7","BASE CAMP, WY US","    0",",,T","  203",",,T","  110",",,T","  -57",",,T","    5",",,T","   -9",",,T","  432",",,T"
"USS0010F02S","2019-11-10","43.95","-110.45","2142.7","BASE CAMP, WY US","   25",",,T","  178",",,T","   77",",,T","  -37",",,T","   14",",,T","  -37",",,T","  457",",,T"
"USS0010F02S","2019-11-11","43.95","-110.45","2142.7","BASE CAMP, WY US","    0",",,T","  178",",,T","   30",",,T"," -101",",,T","  -48",",,T","  -93",",,T","  432",",,T"
"USS0010F02S","2019-11-12","43.95","-110.45","2142.7","BASE CAMP, WY US","    0",",,T","  178",",,T","   48",",,T"," -121",",,T","  -31",",,T","   -4",",,T","  457",",,T"
"USS0010F02S","2019-11-13","43.95","-110.45","2142.7","BASE CAMP, WY US","    0",",,T","  203",",,T","   72",",,T","  -49",",,T","    6",",,T","  -49",",,T","  483",",,T"
"USS0010F02S","2019-11-14","43.95","-110.45","2142.7","BASE CAMP, WY US","    0",",,T","  203",",,T","   69",",,T","  -82",",,T","  -17",",,T","  -18",",,T","  483",",,T"
"USS0010F02S","2019-11-15","43.95","-110.45","2142.7","BASE CAMP, WY US","    0",",,T","  203",",,T","   86",",,T","  -42",",,T","    9",",,T","    2",",,T","  483",",,T"
"USS0010F02S","2019-11-16","43.95","-110.45","2142.7","BASE CAMP, WY US","    0",",,T","  203",",,T","   44",",,T","  -51",",,T","   -3",",,T","  -45",",,T","  483",",,T"
"USS0010F02S","2019-11-17","43.95","-110.45","2142.7","BASE CAMP, WY US","    0",",,T","  203",",,T","   62",",,T","  -47",",,T","    8",",,T","   14",",,T","  508",",,T"
"USS0010F02S","2019-11-18","43.95","-110.45","2142.7","BASE CAMP, WY US","    0",",,T","  203",",,T","   76",",,T","  -30",",,T","   13",",,T","    9",",,T","  508",",,T"
"USS0010F02S","2019-11-19","43.95","-110.45","2142.7","BASE CAMP, WY US","   25",",,T","  203",",,T","   90",",,T","  -11",",,T","   27",",,T","   -8",",,T","  508",",,T"
"USS0010F02S","2019-11-20","43.95","-110.45","2142.7","BASE CAMP, WY US","    0",",,T","  203",",,T","   45",",,T","  -36",",,T","    1",",,T","  -27",",,T","  508",",,T"
"USS0010F02S","2019-11-21","43.95","-110.45","2142.7","BASE CAMP, WY US","    0",",,T","  203",",,T","   50",",,T","  -78",",,T","  -23",",,T","  -78",",,T","  508",",,T"
"USS0010F02S","2019-11-22","43.95","-110.45","2142.7","BASE CAMP, WY US","    0",",,T","  203",",,T","   30",",,T"," -109",",,T","  -49",",,T","  -59",",,T","  508",",,T"
"USS0010F02S","2019-11-23","43.95","-110.45","2142.7","BASE CAMP, WY US","    0",",,T","  203",",,T","   33",",,T","  -76",",,T","  -29",",,T","  -62",",,T","  508",",,T"
"USS0010F02S","2019-11-24","43.95","-110.45","2142.7","BASE CAMP, WY US","    0",",,T","  203",",,T","   31",",,T","  -78",",,T","  -20",",,T","  -18",",,T","  508",",,T"
"USS0010F02S","2019-11-25","43.95","-110.45","2142.7","BASE CAMP, WY US","   25",",,T","  203",",,T","  -18",",,T","  -98",",,T","  -48",",,T","  -98",",,T","  508",",,T"
"USS0010F02S","2019-11-26","43.95","-110.45","2142.7","BASE CAMP, WY US","    0",",,T","  203",",,T","  -33",",,T"," -155",",,T"," -101",",,T"," -139",",,T","  508",",,T"
"USS0010F02S","2019-11-27","43.95","-110.45","2142.7","BASE CAMP, WY US","    0",",,T","  203",",,T","  -39",",,T"," -140",",,T","  -85",",,T","  -73",",,T","  508",",,T"
"USS0010F02S","2019-11-28","43.95","-110.45","2142.7","BASE CAMP, WY US","   25",",,T","  305",",,T","   -7",",,T","  -86",",,T","  -50",",,T","  -78",",,T","  533",",,T"
"USS0010F02S","2019-11-29","43.95","-110.45","2142.7","BASE CAMP, WY US","  102",",,T","  381",",,T","   15",",,T","  -78",",,T","  -32",",,T","  -59",",,T","  635",",,T"
"USS0010F02S","2019-11-30","43.95","-110.45","2142.7","BASE CAMP, WY US","   25",",,T","  381",",,T","  -44",",,T"," -122",",,T","  -75",",,T"," -118",",,T","  660",",,T"
"USS0010F02S","2019-12-01","43.95","-110.45","2142.7","BASE CAMP, WY US","    0",",,T","  356",",,T","  -41",",,T"," -153",",,T","  -89",",,T","  -62",",,T","  686",",,T"
"USS0010F02S","2019-12-02","43.95","-110.45","2142.7","BASE CAMP, WY US","   51",",,T","  406",",,T","    1",",,T","  -62",",,T","  -27",",,T","  -29",",,T","  762",",,T"
"USS0010F02S","2019-12-03","43.95","-110.45","2142.7","BASE CAMP, WY US","    0",",,T","  381",",,T","   18",",,T","  -42",",,T","  -19",",,T","  -31",",,T","  762",",,T"
"USS0010F02S","2019-12-04","43.95","-110.45","2142.7","BASE CAMP, WY US","    0",",,T","  356",",,T","   15",",,T","  -81",",,T","  -31",",,T","  -80",",,T","  762",",,T"
"USS0010F02S","2019-12-05","43.95","-110.45","2142.7","BASE CAMP, WY US","    0",",,T","  356",",,T","   15",",,T","  -98",",,T","  -48",",,T","  -42",",,T","  762",",,T"
"USS0010F02S","2019-12-06","43.95","-110.45","2142.7","BASE CAMP, WY US","    0",",,T","  356",",,T","   28",",,T","  -75",",,T","  -27",",,T","  -75",",,T","  762",",,T"
"USS0010F02S","2019-12-07","43.95","-110.45","2142.7","BASE CAMP, WY US","   25",",,T","  356",",,T","   29",",,T","  -93",",,T","  -27",",,T","   -4",",,T","  787",",,T"
"USS0010F02S","2019-12-08","43.95","-110.45","2142.7","BASE CAMP, WY US","  127",",,T","  508",",,T","   12",",,T","  -66",",,T","   -7",",,T","  -66",",,T","  914",",,T"
"USS0010F02S","2019-12-09","43.95","-110.45","2142.7","BASE CAMP, WY US","    0",",,T","  483",",,T","   -5",",,T"," -109",",,T","  -68",",,T","  -72",",,T","  914",",,T"
"USS0010F02S","2019-12-10","43.95","-110.45","2142.7","BASE CAMP, WY US","   25",",,T","  457",",,T","  -12",",,T","  -73",",,T","  -43",",,T","  -48",",,T","  914",",,T"
"USS0010F02S","2019-12-11","43.95","-110.45","2142.7","BASE CAMP, WY US","   25",",,T","  533",",,T","  -25",",,T","  -96",",,T","  -51",",,T","  -30",",,T","  965",",,T"
"USS0010F02S","2019-12-12","43.95","-110.45","2142.7","BASE CAMP, WY US","  229",",,T","  737",",,T","    5",",,T","  -30",",,T","  -14",",,T","  -12",",,T"," 1194",",,T"
"USS0010F02S","2019-12-13","43.95","-110.45","2142.7","BASE CAMP, WY US","   25",",,T","  711",",,T","  -12",",,T","  -59",",,T","  -36",",,T","  -59",",,T"," 1219",",,T"
"USS0010F02S","2019-12-14","43.95","-110.45","2142.7","BASE CAMP, WY US","   25",",,T","  686",",,T","  -25",",,T"," -119",",,T","  -74",",,T"," -113",",,T"," 1245",",,T"
"USS0010F02S","2019-12-15","43.95","-110.45","2142.7","BASE CAMP, WY US","    0",",,T","  660",",,T","  -64",",,T"," -129",",,T"," -100",",,T"," -117",",,T"," 1245",",,T"
"USS0010F02S","2019-12-16","43.95","-110.45","2142.7","BASE CAMP, WY US","    0",",,T","  660",",,T","  -63",",,T"," -167",",,T"," -126",",,T"," -167",",,T"," 1245",",,T"
"USS0010F02S","2019-12-17","43.95","-110.45","2142.7","BASE CAMP, WY US","    0",",,T","  610",",,T","  -74",",,T"," -202",",,T"," -155",",,T"," -202",",,T"," 1245",",,T"
"USS0010F02S","2019-12-18","43.95","-110.45","2142.7","BASE CAMP, WY US","    0",",,T","  610",",,T","  -70",",,T"," -217",",,T"," -146",",,T"," -122",",,T"," 1245",",,T"
"USS0010F02S","2019-12-19","43.95","-110.45","2142.7","BASE CAMP, WY US","   25",",,T","  660",",,T","  -12",",,T"," -154",",,T","  -78",",,T","  -49",",,T"," 1245",",,T"
"USS0010F02S","2019-12-20","43.95","-110.45","2142.7","BASE CAMP, WY US","    0",",,T","  660",",,T","   27",",,T","  -80",",,T","  -36",",,T","  -72",",,T"," 1245",",,T"
"USS0010F02S","2019-12-21","43.95","-110.45","2142.7","BASE CAMP, WY US","    0",",,T","  610",",,T","    9",",,T","  -98",",,T","  -53",",,T","  -67",",,T"," 1245",",,T"
"USS0010F02S","2019-12-22","43.95","-110.45","2142.7","BASE CAMP, WY US","    0",",,T","  610",",,T","   24",",,T","  -77",",,T","  -41",",,T","  -75",",,T"," 1245",",,T"
"USS0010F02S","2019-12-23","43.95","-110.45","2142.7","BASE CAMP, WY US","    0",",,T","  584",",,T","    6",",,T","  -99",",,T","  -52",",,T","  -51",",,T"," 1270",",,T"
"USS0010F02S","2019-12-24","43.95","-110.45","2142.7","BASE CAMP, WY US","   25",",,T","  635",",,T","   27",",,T","  -51",",,T","  -19",",,T","  -44",",,T"," 1295",",,T"
"USS0010F02S","2019-12-25","43.95","-110.45","2142.7","BASE CAMP, WY US","    0",",,T","  610",",,T","   -1",",,T","  -89",",,T","  -46",",,T","  -80",",,T"," 1295",",,T"
"USS0010F02S","2019-12-26","43.95","-110.45","2142.7","BASE CAMP, WY US","    0",",,T","  635",",,T","  -38",",,T"," -102",",,T","  -71",",,T","  -82",",,T"," 1295",",,T"
"USS0010F02S","2019-12-27","43.95","-110.45","2142.7","BASE CAMP, WY US","    0",",,T","  635",",,T","  -62",",,T"," -181",",,T"," -120",",,T"," -169",",,T"," 1295",",,T"
"USS0010F02S","2019-12-28","43.95","-110.45","2142.7","BASE CAMP, WY US","    0",",,T","  610",",,T","  -51",",,T"," -169",",,T"," -127",",,T"," -165",",,T"," 1295",",,T"
"USS0010F02S","2019-12-29","43.95","-110.45","2142.7","BASE CAMP, WY US","    0",",,T","  610",",,T","  -77",",,T"," -195",",,T"," -137",",,T"," -154",",,T"," 1295",",,T"
"USS0010F02S","2019-12-30","43.95","-110.45","2142.7","BASE CAMP, WY US","    0",",,T","  635",",,T","  -82",",,T"," -219",",,T"," -164",",,T"," -216",",,T"," 1295",",,T"
"USS0010F02S","2019-12-31","43.95","-110.45","2142.7","BASE CAMP, WY US","   51",",,T","  635",",,T","  -67",",,T"," -222",",,T"," -128",",,T","  -84",",,T"," 1346",",,T"
"USS0010F02S","2020-01-01","43.95","-110.45","2142.7","BASE CAMP, WY US","  152",",,T","  762",",,T","  -19",",,T","  -84",",,T","  -50",",,T","  -46",",,T"," 1499",",,T"
"USS0010F02S","2020-01-02","43.95","-110.45","2142.7","BASE CAMP, WY US","    0",",,T","  711",",,T","  -22",",,T","  -89",",,T","  -52",",,T","  -61",",,T"," 1499",",,T"
"USS0010F02S","2020-01-03","43.95","-110.45","2142.7","BASE CAMP, WY US","   25",",,T","  787",",,T","   -2",",,T","  -61",",,T","  -33",",,T","  -60",",,T"," 1524",",,T"
"USS0010F02S","2020-01-04","43.95","-110.45","2142.7","BASE CAMP, WY US","   25",",,T","  813",",,T","  -12",",,T"," -115",",,T","  -51",",,T"," -115",",,T"," 1549",",,T"
"USS0010F02S","2020-01-05","43.95","-110.45","2142.7","BASE CAMP, WY US","   25",",,T","  813",",,T","  -39",",,T"," -122",",,T","  -81",",,T","  -74",",,T"," 1549",",,T"
"USS0010F02S","2020-01-06","43.95","-110.45","2142.7","BASE CAMP, WY US","   51",",,T","  889",",,T","  -41",",,T"," -102",",,T","  -62",",,T","  -47",",,T"," 1626",",,T"
"USS0010F02S","2020-01-07","43.95","-110.45","2142.7","BASE CAMP, WY US","   51",",,T","  838",",,T","   15",",,T","  -48",",,T","  -19",",,T","  -32",",,T"," 1702",",,T"
"USS0010F02S","2020-01-08","43.95","-110.45","2142.7","BASE CAMP, WY US","  102",",,T","  965",",,T","   -3",",,T","  -52",",,T","  -32",",,T","  -52",",,T"," 1803",",,T"
"USS0010F02S","2020-01-09","43.95","-110.45","2142.7","BASE CAMP, WY US","  178",",,T"," 1194",",,T","  -29",",,T","  -93",",,T","  -56",",,T","  -93",",,T"," 1956",",,T"
"USS0010F02S","2020-01-10","43.95","-110.45","2142.7","BASE CAMP, WY US","    0",",,T"," 1118",",,T","  -81",",,T"," -193",",,T"," -137",",,T"," -135",",,T"," 1981",",,T"
"USS0010F02S","2020-01-11","43.95","-110.45","2142.7","BASE CAMP, WY US","   76",",,T"," 1118",",,T","  -46",",,T"," -135",",,T","  -83",",,T","  -66",",,T"," 2057",",,T"
"USS0010F02S","2020-01-12","43.95","-110.45","2142.7","BASE CAMP, WY US","   76",",,T"," 1118",",,T","  -39",",,T","  -77",",,T","  -65",",,T","  -77",",,T"," 2108",",,T"
"USS0010F02S","2020-01-13","43.95","-110.45","2142.7","BASE CAMP, WY US","   51",",,T"," 1168",",,T","  -68",",,T"," -100",",,T","  -82",",,T","  -87",",,T"," 2184",",,T"
"USS0010F02S","2020-01-14","43.95","-110.45","2142.7","BASE CAMP, WY US","  178",",,T"," 1245",",,T","  -31",",,T","  -96",",,T","  -73",",,T","  -80",",,T"," 2311",",,T"
"USS0010F02S","2020-01-15","43.95","-110.45","2142.7","BASE CAMP, WY US","    0",",,T"," 1194",",,T","  -47",",,T"," -189",",,T"," -107",",,T"," -180",",,T"," 2337",",,T"
"USS0010F02S","2020-01-16","43.95","-110.45","2142.7","BASE CAMP, WY US","    0",",,T"," 1118",",,T","   -9",",,T"," -189",",,T","  -89",",,T","  -78",",,T"," 2337",",,T"
"USS0010F02S","2020-01-17","43.95","-110.45","2142.7","BASE CAMP, WY US","   25",",,T"," 1143",",,T","  -23",",,T"," -152",",,T","  -80",",,T"," -145",",,T"," 2362",",,T"
"USS0010F02S","2020-01-18","43.95","-110.45","2142.7","BASE CAMP, WY US","    0",",,T"," 1092",",,T","  -35",",,T"," -155",",,T","  -92",",,T","  -94",",,T"," 2362",",,T"
"USS0010F02S","2020-01-19","43.95","-110.45","2142.7","BASE CAMP, WY US","   25",",,T"," 1092",",,T","   -5",",,T"," -132",",,T","  -73",",,T"," -132",",,T"," 2362",",,T"
"USS0010F02S","2020-01-20","43.95","-110.45","2142.7","BASE CAMP, WY US","    0",",,T"," 1041",",,T","  -27",",,T"," -161",",,T","  -92",",,T","  -69",",,T"," 2362",",,T"
"USS0010F02S","2020-01-21","43.95","-110.45","2142.7","BASE CAMP, WY US","   25",",,T"," 1067",",,T","   10",",,T","  -87",",,T","  -32",",,T","  -20",",,T"," 2413",",,T"
"USS0010F02S","2020-01-22","43.95","-110.45","2142.7","BASE CAMP, WY US","   76",",,T"," 1118",",,T","   -8",",,T","  -87",",,T","  -38",",,T","  -78",",,T"," 2464",",,T"
"USS0010F02S","2020-01-23","43.95","-110.45","2142.7","BASE CAMP, WY US","    0",",,T"," 1092",",,T","    3",",,T","  -78",",,T","  -36",",,T","  -23",",,T"," 2489",",,T"
"USS0010F02S","2020-01-24","43.95","-110.45","2142.7","BASE CAMP, WY US","    0",",,T"," 1067",",,T","   35",",,T","  -25",",,T","   -4",",,T","   -6",",,T"," 2489",",,T"
"USS0010F02S","2020-01-25","43.95","-110.45","2142.7","BASE CAMP, WY US","   76",",,T"," 1118",",,T","   12",",,T","  -42",",,T","  -11",",,T","  -17",",,T"," 2565",",,T"
"USS0010F02S","2020-01-26","43.95","-110.45","2142.7","BASE CAMP, WY US","   25",",,T"," 1118",",,T","   34",",,T","  -31",",,T","   -2",",,T","    2",",,T"," 2591",",,T"
"USS0010F02S","2020-01-27","43.95","-110.45","2142.7","BASE CAMP, WY US","   25",",,T"," 1118",",,T","    7",",,T","  -77",",,T","  -27",",,T","  -71",",,T"," 2616",",,T"
"USS0010F02S","2020-01-28","43.95","-110.45","2142.7","BASE CAMP, WY US","   25",",,T"," 1143",",,T","   10",",,T"," -100",",,T","  -38",",,T","  -21",",,T"," 2642",",,T"
"USS0010F02S","2020-01-29","43.95","-110.45","2142.7","BASE CAMP, WY US","   25",",,T"," 1143",",,T","    7",",,T","  -91",",,T","  -42",",,T","  -67",",,T"," 2667",",,T"
"USS0010F02S","2020-01-30","43.95","-110.45","2142.7","BASE CAMP, WY US","    0",",,T"," 1143",",,T","    6",",,T"," -140",",,T","  -58",",,T"," -140",",,T"," 2692",",,T"
"USS0010F02S","2020-01-31","43.95","-110.45","2142.7","BASE CAMP, WY US","   25",",,T"," 1118",",,T","  -13",",,T"," -142",",,T","  -65",",,T","  -33",",,T"," 2692",",,T"
"USS0010F02S","2020-02-01","43.95","-110.45","2142.7","BASE CAMP, WY US","    0",",,T"," 1092",",,T","   60",",,T","  -38",",,T","   -4",",,T","  -19",",,T"," 2718",",,T"
"USS0010F02S","2020-02-02","43.95","-110.45","2142.7","BASE CAMP, WY US","   51",",,T"," 1168",",,T","   45",",,T","  -84",",,T","  -11",",,T","  -84",",,T"," 2743",",,T"
"USS0010F02S","2020-02-03","43.95","-110.45","2142.7","BASE CAMP, WY US","    0",",,T"," 1168",",,T","  -61",",,T"," -190",",,T"," -107",",,T"," -190",",,T"," 2794",",,T"
"USS0010F02S","2020-02-04","43.95","-110.45","2142.7","BASE CAMP, WY US","   25",",,T"," 1143",",,T","  -63",",,T"," -241",",,T"," -169",",,T"," -162",",,T"," 2794",",,T"
"USS0010F02S","2020-02-05","43.95","-110.45","2142.7","BASE CAMP, WY US","   51",",,T"," 1219",",,T","  -74",",,T"," -163",",,T"," -111",",,T","  -91",",,T"," 2819",",,T"
"USS0010F02S","2020-02-06","43.95","-110.45","2142.7","BASE CAMP, WY US","  102",",,T"," 1270",",,T","    1",",,T","  -91",",,T","  -51",",,T","  -45",",,T"," 2921",",,T"
"USS0010F02S","2020-02-07","43.95","-110.45","2142.7","BASE CAMP, WY US","   51",",,T"," 1245",",,T","   15",",,T","  -51",",,T","  -23",",,T","  -30",",,T"," 2946",",,T"
"USS0010F02S","2020-02-08","43.95","-110.45","2142.7","BASE CAMP, WY US","  102",",,T"," 1321",",,T","   -5",",,T"," -103",",,T","  -32",",,T"," -103",",,T"," 3048",",,T"
"USS0010F02S","2020-02-09","43.95","-110.45","2142.7","BASE CAMP, WY US","    0",",,T"," 1245",",,T","  -26",",,T"," -170",",,T","  -97",",,T","  -92",",,T"," 3048",",,T"
"USS0010F02S","2020-02-10","43.95","-110.45","2142.7","BASE CAMP, WY US","   25",",,T"," 1270",",,T","  -16",",,T"," -192",",,T","  -98",",,T"," -192",",,T"," 3048",",,T"
"USS0010F02S","2020-02-11","43.95","-110.45","2142.7","BASE CAMP, WY US","    0",",,T"," 1270",",,T","  -45",",,T"," -212",",,T"," -117",",,T","  -74",",,T"," 3073",",,T"
"USS0010F02S","2020-02-12","43.95","-110.45","2142.7","BASE CAMP, WY US","   25",",,T"," 1245",",,T","    0",",,T"," -117",",,T","  -68",",,T","  -97",",,T"," 3099",",,T"
"USS0010F02S","2020-02-13","43.95","-110.45","2142.7","BASE CAMP, WY US","    0",",,T"," 1245",",,T","   11",",,T"," -135",",,T","  -73",",,T"," -128",",,T"," 3124",",,T"
"USS0010F02S","2020-02-14","43.95","-110.45","2142.7","BASE CAMP, WY US","   25",",,T"," 1245",",,T","    9",",,T"," -164",",,T","  -95",",,T"," -127",",,T"," 3124",",,T"
"USS0010F02S","2020-02-15","43.95","-110.45","2142.7","BASE CAMP, WY US","   25",",,T"," 1270",",,T","  -30",",,T"," -160",",,T","  -81",",,T","  -54",",,T"," 3150",",,T"
"USS0010F02S","2020-02-16","43.95","-110.45","2142.7","BASE CAMP, WY US","  152",",,T"," 1372",",,T","   -6",",,T","  -81",",,T","  -36",",,T","  -81",",,T"," 3302",",,T"
"USS0010F02S","2020-02-17","43.95","-110.45","2142.7","BASE CAMP, WY US","    0",",,T"," 1346",",,T","  -28",",,T"," -165",",,T","  -98",",,T"," -154",",,T"," 3302",",,T"
"USS0010F02S","2020-02-18","43.95","-110.45","2142.7","BASE CAMP, WY US","    0",",,T"," 1321",",,T","  -43",",,T"," -194",",,T"," -132",",,T"," -192",",,T"," 3302",",,T"
"USS0010F02S","2020-02-19","43.95","-110.45","2142.7","BASE CAMP, WY US","    0",",,T"," 1321",",,T","  -35",",,T"," -240",",,T"," -157",",,T"," -202",",,T"," 3302",",,T"
"USS0010F02S","2020-02-20","43.95","-110.45","2142.7","BASE CAMP, WY US","    0",",,T"," 1295",",,T","  -40",",,T"," -255",",,T"," -159",",,T"," -198",",,T"," 3302",",,T"
"USS0010F02S","2020-02-21","43.95","-110.45","2142.7","BASE CAMP, WY US","    0",",,T"," 1270",",,T","   -3",",,T"," -233",",,T"," -124",",,T"," -134",",,T"," 3302",",,T"
"USS0010F02S","2020-02-22","43.95","-110.45","2142.7","BASE CAMP, WY US","   25",",,T"," 1245",",,T","   37",",,T"," -179",",,T","  -80",",,T"," -106",",,T"," 3302",",,T"
"USS0010F02S","2020-02-23","43.95","-110.45","2142.7","BASE CAMP, WY US","   25",",,T"," 1295",",,T","   41",",,T"," -154",",,T","  -51",",,T","  -41",",,T"," 3353",",,T"
"USS0010F02S","2020-02-24","43.95","-110.45","2142.7","BASE CAMP, WY US","   25",",,T"," 1295",",,T","  -26",",,T"," -111",",,T","  -66",",,T"," -109",",,T"," 3378",",,T"
"USS0010F02S","2020-02-25","43.95","-110.45","2142.7","BASE CAMP, WY US","    0",",,T"," 1270",",,T","  -20",",,T"," -173",",,T","  -98",",,T"," -165",",,T"," 3378",",,T"
"USS0010F02S","2020-02-26","43.95","-110.45","2142.7","BASE CAMP, WY US","    0",",,T"," 1245",",,T","    1",",,T"," -181",",,T","  -78",",,T"," -104",",,T"," 3378",",,T"
"USS0010F02S","2020-02-27","43.95","-110.45","2142.7","BASE CAMP, WY US","    0",",,T"," 1245",",,T","   50",",,T"," -148",",,T","  -61",",,T"," -103",",,T"," 3378",",,T"
"USS0010F02S","2020-02-28","43.95","-110.45","2142.7","BASE CAMP, WY US","    0",",,T"," 1245",",,T","   55",",,T"," -132",",,T","  -51",",,T","  -85",",,T"," 3378",",,T"
"USS0010F02S","2020-02-29","43.95","-110.45","2142.7","BASE CAMP, WY US","   25",",,T"," 1245",",,T","   66",",,T"," -113",",,T","  -27",",,T","  -28",",,T"," 3378",",,T"
"USS0010F02S","2020-03-01","43.95","-110.45","2142.7","BASE CAMP, WY US","   25",",,T"," 1245",",,T","    0",",,T"," -127",",,T","  -41",",,T"," -126",",,T"," 3404",",,T"
"USS0010F02S","2020-03-02","43.95","-110.45","2142.7","BASE CAMP, WY US","    0",",,T"," 1245",",,T","   20",",,T"," -167",",,T","  -66",",,T","  -48",",,T"," 3404",",,T"
"USS0010F02S","2020-03-03","43.95","-110.45","2142.7","BASE CAMP, WY US","   51",",,T"," 1270",",,T","   72",",,T","  -70",",,T","  -17",",,T","  -70",",,T"," 3480",",,T"
"USS0010F02S","2020-03-04","43.95","-110.45","2142.7","BASE CAMP, WY US","    0",",,T"," 1270",",,T","   52",",,T"," -110",",,T","  -24",",,T","  -63",",,T"," 3480",",,T"
"USS0010F02S","2020-03-05","43.95","-110.45","2142.7","BASE CAMP, WY US","    0",",,T"," 1245",",,T","   79",",,T"," -108",",,T","  -22",",,T","  -54",",,T"," 3480",",,T"
"USS0010F02S","2020-03-06","43.95","-110.45","2142.7","BASE CAMP, WY US","    0",",,T"," 1194",",,T","  120",",,T","  -80",",,T","    3",",,T","  -35",",,T"," 3480",",,T"
"USS0010F02S","2020-03-07","43.95","-110.45","2142.7","BASE CAMP, WY US","    0",",,T"," 1194",",,T","   99",",,T","  -68",",,T","   13",",,T","   12",",,T"," 3480",",,T"
"USS0010F02S","2020-03-08","43.95","-110.45","2142.7","BASE CAMP, WY US","   25",",,T"," 1219",",,T","   46",",,T","  -32",",,T","    7",",,T","  -32",",,T"," 3505",",,T"
"USS0010F02S","2020-03-09","43.95","-110.45","2142.7","BASE CAMP, WY US","   51",",,T"," 1245",",,T","   40",",,T","  -42",",,T","   -5",",,T","  -12",",,T"," 3531",",,T"
"USS0010F02S","2020-03-10","43.95","-110.45","2142.7","BASE CAMP, WY US","   25",",,T"," 1245",",,T","   62",",,T","  -75",",,T","   -9",",,T","  -75",",,T"," 3581",",,T"
"USS0010F02S","2020-03-11","43.95","-110.45","2142.7","BASE CAMP, WY US","    0",",,T"," 1219",",,T","   90",",,T","  -97",",,T","    0",",,T","   -5",",,T"," 3581",",,T"
"USS0010F02S","2020-03-12","43.95","-110.45","2142.7","BASE CAMP, WY US","    0",",,T"," 1219",",,T","   44",",,T"," -107",",,T","  -18",",,T"," -107",",,T"," 3581",",,T"
"USS0010F02S","2020-03-13","43.95","-110.45","2142.7","BASE CAMP, WY US","    0",",,T"," 1219",",,T","   67",",,T"," -140",",,T","  -40",",,T","  -67",",,T"," 3581",",,T"
"USS0010F02S","2020-03-14","43.95","-110.45","2142.7","BASE CAMP, WY US","  203",",,T"," 1473",",,T","   45",",,T","  -77",",,T","  -15",",,T","   -4",",,T"," 3785",",,T"
"USS0010F02S","2020-03-15","43.95","-110.45","2142.7","BASE CAMP, WY US","  127",",,T"," 1448",",,T","   61",",,T","  -19",",,T","   10",",,T","  -18",",,T"," 3861",",,T"
"USS0010F02S","2020-03-16","43.95","-110.45","2142.7","BASE CAMP, WY US","    0",",,T"," 1397",",,T","   81",",,T","  -26",",,T","   10",",,T","  -26",",,T"," 3912",",,T"
"USS0010F02S","2020-03-17","43.95","-110.45","2142.7","BASE CAMP, WY US","    0",",,T"," 1372",",,T","  101",",,T","  -70",",,T","    3",",,T","  -23",",,T"," 3912",",,T"
"USS0010F02S","2020-03-18","43.95","-110.45","2142.7","BASE CAMP, WY US","   25",",,T"," 1346",",,T","   63",",,T","  -39",",,T","    2",",,T","  -39",",,T"," 3912",",,T"
"USS0010F02S","2020-03-19","43.95","-110.45","2142.7","BASE CAMP, WY US","    0",",,T"," 1321",",,T","   94",",,T","  -75",",,T","    5",",,T","   -6",",,T"," 3912",",,T"
"USS0010F02S","2020-03-20","43.95","-110.45","2142.7","BASE CAMP, WY US","    0",",,T"," 1295",",,T","   43",",,T","  -35",",,T","    1",",,T","  -26",",,T"," 3912",",,T"
"USS0010F02S","2020-03-21","43.95","-110.45","2142.7","BASE CAMP, WY US","   51",",,T"," 1346",",,T","   49",",,T","  -40",",,T","   -5",",,T","  -32",",,T"," 3988",",,T"
"USS0010F02S","2020-03-22","43.95","-110.45","2142.7","BASE CAMP, WY US","   25",",,T"," 1346",",,T","   58",",,T","  -51",",,T","   -5",",,T","  -51",",,T"," 4013",",,T"
"USS0010F02S","2020-03-23","43.95","-110.45","2142.7","BASE CAMP, WY US","   25",",,T"," 1372",",,T","   81",",,T","  -65",",,T","    4",",,T","    0",",,T"," 4039",",,T"
"USS0010F02S","2020-03-24","43.95","-110.45","2142.7","BASE CAMP, WY US","   76",",,T"," 1372",",,T","   52",",,T","  -17",",,T","    3",",,T","  -17",",,T"," 4064",",,T"
"USS0010F02S","2020-03-25","43.95","-110.45","2142.7","BASE CAMP, WY US","    0",",,T"," 1346",",,T","   42",",,T","  -63",",,T","  -16",",,T","  -63",",,T"," 4089",",,T"
"USS0010F02S","2020-03-26","43.95","-110.45","2142.7","BASE CAMP, WY US","    0",",,T"," 1346",",,T","   25",",,T"," -137",",,T","  -51",",,T"," -137",",,T"," 4089",",,T"
"USS0010F02S","2020-03-27","43.95","-110.45","2142.7","BASE CAMP, WY US","    0",",,T"," 1346",",,T","    5",",,T"," -175",",,T","  -70",",,T","  -65",",,T"," 4089",",,T"
"USS0010F02S","2020-03-28","43.95","-110.45","2142.7","BASE CAMP, WY US","   25",",,T"," 1346",",,T","   48",",,T","  -71",",,T","  -21",",,T","  -29",",,T"," 4115",",,T"
"USS0010F02S","2020-03-29","43.95","-110.45","2142.7","BASE CAMP, WY US","    0",",,T"," 1321",",,T","   80",",,T","  -51",",,T","   -1",",,T","  -32",",,T"," 4115",",,T"
"USS0010F02S","2020-03-30","43.95","-110.45","2142.7","BASE CAMP, WY US","    0",",,T"," 1295",",,T","   67",",,T","  -32",",,T","   10",",,T","    0",",,T"," 4115",",,T"
"USS0010F02S","2020-03-31","43.95","-110.45","2142.7","BASE CAMP, WY US","  229",",,T"," 1524",",,T","   32",",,T","   -4",",,T","   10",",,T","   -4",",,T"," 4343",",,T"
"USS0010F02S","2020-04-01","43.95","-110.45","2142.7","BASE CAMP, WY US","  102",",,T"," 1473",",,T","   18",",,T","  -48",",,T","  -18",",,T","  -48",",,T"," 4420",",,T"
"USS0010F02S","2020-04-02","43.95","-110.45","2142.7","BASE CAMP, WY US",,," 1524",",,T","    8",",,T"," -154",",,T","  -63",",,T"," -154",",,T"," 4445",",,T"
"USS0010F02S","2020-04-03","43.95","-110.45","2142.7","BASE CAMP, WY US","   51",",,T"," 1473",",,T","   12",",,T"," -172",",,T","  -75",",,T","  -65",",,T"," 4445",",,T"
"USS0010F02S","2020-04-04","43.95","-110.45","2142.7","BASE CAMP, WY US","   25",",,T"," 1422",",,T","   63",",,T","  -91",",,T","  -14",",,T","  -16",",,T"," 4470",",,T"
"USS0010F02S","2020-04-05","43.95","-110.45","2142.7","BASE CAMP, WY US","  102",",,T"," 1473",",,T","   79",",,T","  -18",",,T","   15",",,T","    2",",,T"," 4547",",,T"
"USS0010F02S","2020-04-06","43.95","-110.45","2142.7","BASE CAMP, WY US","  127",",,T"," 1473",",,T","   67",",,T","    2",",,T","   21",",,T","    9",",,T"," 4648",",,T"
"USS0010F02S","2020-04-07","43.95","-110.45","2142.7","BASE CAMP, WY US","    0",",,T"," 1397",",,T","  105",",,T","  -13",",,T","   35",",,T","   -7",",,T"," 4572",",,T"
"USS0010F02S","2020-04-08","43.95","-110.45","2142.7","BASE CAMP, WY US","    0",",,T"," 1372",",,T","  129",",,T","  -23",",,T","   36",",,T","  -15",",,T"," 4496",",,T"
"USS0010F02S","2020-04-09","43.95","-110.45","2142.7","BASE CAMP, WY US","    0",",,T"," 1321",",,T","  154",",,T","  -45",",,T","   38",",,T","   -3",",,T"," 4369",",,T"
"USS0010F02S","2020-04-10","43.95","-110.45","2142.7","BASE CAMP, WY US","   25",",,T"," 1270",",,T","  140",",,T","  -28",",,T","   45",",,T","   18",",,T"," 4191",",,T"
"USS0010F02S","2020-04-11","43.95","-110.45","2142.7","BASE CAMP, WY US","   25",",,T"," 1270",",,T","   77",",,T","  -68",",,T","   14",",,T","  -68",",,T"," 4166",",,T"
"USS0010F02S","2020-04-12","43.95","-110.45","2142.7","BASE CAMP, WY US","    0",",,T"," 1270",",,T","   -2",",,T"," -135",",,T","  -69",",,T"," -135",",,T"," 4166",",,T"
"USS0010F02S","2020-04-13","43.95","-110.45","2142.7","BASE CAMP, WY US","   25",",,T"," 1270",",,T","  -18",",,T"," -188",",,T","  -98",",,T"," -136",",,T"," 4166",",,T"
"USS0010F02S","2020-04-14","43.95","-110.45","2142.7","BASE CAMP, WY US","    0",",,T"," 1270",",,T","   14",",,T"," -145",",,T","  -46",",,T","  -27",",,T"," 4267",",,T"
"USS0010F02S","2020-04-15","43.95","-110.45","2142.7","BASE CAMP, WY US","  127",",,T"," 1422",",,T","   62",",,T","  -61",",,T","  -13",",,T","  -61",",,T"," 4343",",,T"
"USS0010F02S","2020-04-16","43.95","-110.45","2142.7","BASE CAMP, WY US","   25",",,T"," 1346",",,T","   42",",,T"," -118",",,T","  -40",",,T"," -118",",,T"," 4394",",,T"
"USS0010F02S","2020-04-17","43.95","-110.45","2142.7","BASE CAMP, WY US","    0",",,T"," 1295",",,T","   84",",,T"," -128",",,T","  -26",",,T","  -54",",,T"," 4496",",,T"
"USS0010F02S","2020-04-18","43.95","-110.45","2142.7","BASE CAMP, WY US","    0",",,T"," 1245",",,T","  113",",,T","  -89",",,T","    9",",,T","   -3",",,T"," 4293",",,T"
"USS0010F02S","2020-04-19","43.95","-110.45","2142.7","BASE CAMP, WY US","    0",",,T"," 1245",",,T","  101",",,T","  -22",",,T","   28",",,T","  -22",",,T"," 4242",",,T"
"USS0010F02S","2020-04-20","43.95","-110.45","2142.7","BASE CAMP, WY US","    0",",,T"," 1194",",,T","  132",",,T","  -24",",,T","   38",",,T","  -11",",,T"," 4039",",,T"
"USS0010F02S","2020-04-21","43.95","-110.45","2142.7","BASE CAMP, WY US","    0",",,T"," 1143",",,T","  154",",,T","  -33",",,T","   44",",,T","   -9",",,T"," 4013",",,T"
"USS0010F02S","2020-04-22","43.95","-110.45","2142.7","BASE CAMP, WY US","    0",",,T"," 1118",",,T","  119",",,T","  -28",",,T","   42",",,T","   38",",,T"," 4013",",,T"
"USS0010F02S","2020-04-23","43.95","-110.45","2142.7","BASE CAMP, WY US","  102",",,T"," 1143",",,T","   75",",,T","    5",",,T","   25",",,T","    9",",,T"," 3988",",,T"
"USS0010F02S","2020-04-24","43.95","-110.45","2142.7","BASE CAMP, WY US","    0",",,T"," 1118",",,T","  100",",,T","  -15",",,T","   28",",,T","    6",",,T"," 3937",",,T"
"USS0010F02S","2020-04-25","43.95","-110.45","2142.7","BASE CAMP, WY US","   25",",,T"," 1067",",,T","  118",",,T","  -13",",,T","   43",",,T","    0",",,T"," 3861",",,T"
"USS0010F02S","2020-04-26","43.95","-110.45","2142.7","BASE CAMP, WY US","   25",",,T"," 1041",",,T","  131",",,T","   -5",",,T","   40",",,T","   -3",",,T"," 3785",",,T"
"USS0010F02S","2020-04-27","43.95","-110.45","2142.7","BASE CAMP, WY US","   76",",,T"," 1016",",,T","  100",",,T","  -12",",,T","   34",",,T","   12",",,T"," 3734",",,T"
"USS0010F02S","2020-04-28","43.95","-110.45","2142.7","BASE CAMP, WY US","   25",",,T","  965",",,T","  148",",,T","   -4",",,T","   52",",,T","    5",",,T"," 3607",",,T"
"USS0010F02S","2020-04-29","43.95","-110.45","2142.7","BASE CAMP, WY US","    0",",,T","  914",",,T","  185",",,T","   -9",",,T","   72",",,T","   27",",,T"," 3378",",,T"
"USS0010F02S","2020-04-30","43.95","-110.45","2142.7","BASE CAMP, WY US","   25",",,T","  864",",,T","  121",",,T","    5",",,T","   55",",,T","    5",",,T"," 3302",",,T"
"USS0010F02S","2020-05-01","43.95","-110.45","2142.7","BASE CAMP, WY US","    0",",,T","  813",",,T","  137",",,T","   -4",",,T","   55",",,T","   -4",",,T"," 3124",",,T"
"USS0010F02S","2020-05-02","43.95","-110.45","2142.7","BASE CAMP, WY US","    0",",,T","  762",",,T","  173",",,T","   -9",",,T","   61",",,T","   16",",,T"," 2896",",,T"
"USS0010F02S","2020-05-03","43.95","-110.45","2142.7","BASE CAMP, WY US","    0",",,T","  737",",,T","  126",",,T","  -21",",,T","   51",",,T","  -17",",,T"," 2743",",,T"
"USS0010F02S","2020-05-04","43.95","-110.45","2142.7","BASE CAMP, WY US","    0",",,T","  686",",,T","  110",",,T","  -25",",,T","   27",",,T","  -24",",,T"," 2692",",,T"
"USS0010F02S","2020-05-05","43.95","-110.45","2142.7","BASE CAMP, WY US","    0",",,T","  635",",,T","  147",",,T","  -36",",,T","   47",",,T","   10",",,T"," 2489",",,T"
"USS0010F02S","2020-05-06","43.95","-110.45","2142.7","BASE CAMP, WY US","    0",",,T","  610",",,T","  178",",,T","   -8",",,T","   67",",,T","   -8",",,T"," 2337",",,T"
"USS0010F02S","2020-05-07","43.95","-110.45","2142.7","BASE CAMP, WY US","    0",",,T","  584",",,T","  101",",,T","  -35",",,T","   27",",,T","  -13",",,T"," 2210",",,T"
"USS0010F02S","2020-05-08","43.95","-110.45","2142.7","BASE CAMP, WY US","    0",",,T","  533",",,T","  136",",,T","  -32",",,T","   30",",,T","  -18",",,T"," 2108",",,T"
"USS0010F02S","2020-05-09","43.95","-110.45","2142.7","BASE CAMP, WY US","    0",",,T","  508",",,T","  155",",,T","  -30",",,T","   51",",,T","   -8",",,T"," 1880",",,T"
"USS0010F02S","2020-05-10","43.95","-110.45","2142.7","BASE CAMP, WY US","    0",",,T","  457",",,T","  178",",,T","   -8",",,T","   65",",,T","   23",",,T"," 1651",",,T"
"USS0010F02S","2020-05-11","43.95","-110.45","2142.7","BASE CAMP, WY US","   25",",,T","  406",",,T","  187",",,T","   -1",",,T","   74",",,T","   21",",,T"," 1397",",,T"
"USS0010F02S","2020-05-12","43.95","-110.45","2142.7","BASE CAMP, WY US","   25",",,T","  381",",,T","  113",",,T","    5",",,T","   53",",,T","   28",",,T"," 1321",",,T"
"USS0010F02S","2020-05-13","43.95","-110.45","2142.7","BASE CAMP, WY US","   25",",,T","  330",",,T","  115",",,T","    1",",,T","   48",",,T","    1",",,T"," 1118",",,T"
"USS0010F02S","2020-05-14","43.95","-110.45","2142.7","BASE CAMP, WY US","    0",",,T","  305",",,T","  107",",,T","   -4",",,T","   39",",,T","   17",",,T"," 1016",",,T"
"USS0010F02S","2020-05-15","43.95","-110.45","2142.7","BASE CAMP, WY US","   76",",,T","  254",",,T","  116",",,T","    8",",,T","   38",",,T","    8",",,T","  864",",,T"
"USS0010F02S","2020-05-16","43.95","-110.45","2142.7","BASE CAMP, WY US","   25",",,T","  203",",,T","  146",",,T","   -3",",,T","   53",",,T","    7",",,T","  584",",,T"
"USS0010F02S","2020-05-17","43.95","-110.45","2142.7","BASE CAMP, WY US","    0",",,T","  102",",,T","  208",",,T","   -4",",,T","   92",",,T","   60",",,T","  254",",,T"
"USS0010F02S","2020-05-18","43.95","-110.45","2142.7","BASE CAMP, WY US","    0",",,T","   25",",,T","  199",",,T","   32",",,T","  107",",,T","   77",",,T","   76",",,T"
"USS0010F02S","2020-05-19","43.95","-110.45","2142.7","BASE CAMP, WY US","    0",",,T","    0",",,T","  215",",,T","   25",",,T","  115",",,T","   40",",,T","    0",",,T"
"USS0010F02S","2020-05-20","43.95","-110.45","2142.7","BASE CAMP, WY US","    0",",,T","    0",",,T","  116",",,T","   15",",,T","   55",",,T","   15",",,T","    0",",,T"
"USS0010F02S","2020-05-21","43.95","-110.45","2142.7","BASE CAMP, WY US","   51",",,T","    0",",,T","  104",",,T","   11",",,T","   42",",,T","   24",",,T","    0",",,T"
"USS0010F02S","2020-05-22","43.95","-110.45","2142.7","BASE CAMP, WY US","  102",",,T","    0",",,T","   81",",,T","   11",",,T","   37",",,T","   16",",,T","    0",",,T"
"USS0010F02S","2020-05-23","43.95","-110.45","2142.7","BASE CAMP, WY US","  178",",,T","   51",",,T","   30",",,T","    1",",,T","   15",",,T","    1",",,T","  102",",,T"
"USS0010F02S","2020-05-24","43.95","-110.45","2142.7","BASE CAMP, WY US","   25",",,T","    0",",,T","  107",",,T","   -1",",,T","   36",",,T","    8",",,T","    0",",,T"
"USS0010F02S","2020-05-25","43.95","-110.45","2142.7","BASE CAMP, WY US","   25",",,T","    0",",,T","  151",",,T","    8",",,T","   67",",,T","   22",",,T","    0",",,T"
"USS0010F02S","2020-05-26","43.95","-110.45","2142.7","BASE CAMP, WY US","    0",",,T","    0",",,T","  129",",,T","   13",",,T","   74",",,T","   64",",,T","    0",",,T"
"USS0010F02S","2020-05-27","43.95","-110.45","2142.7","BASE CAMP, WY US","    0",",,T","    0",",,T","  202",",,T","   39",",,T","  104",",,T","   53",",,T","    0",",,T"
"USS0010F02S","2020-05-28","43.95","-110.45","2142.7","BASE CAMP, WY US","    0",",,T","    0",",,T","  236",",,T","   30",",,T","  125",",,T","   67",",,T","    0",",,T"
"USS0010F02S","2020-05-29","43.95","-110.45","2142.7","BASE CAMP, WY US","    0",",,T","    0",",,T","  254",",,T","   46",",,T","  145",",,T","   94",",,T","    0",",,T"
"USS0010F02S","2020-05-30","43.95","-110.45","2142.7","BASE CAMP, WY US","    0",",,T","    0",",,T","  271",",,T","   67",",,T","  164",",,T","  144",",,T","    0",",,T"
"USS0010F02S","2020-05-31","43.95","-110.45","2142.7","BASE CAMP, WY US","    0",",,T","    0",",,T","  233",",,T","   60",",,T","  148",",,T","   68",",,T","    0",",,T"
"USS0010F02S","2020-06-01","43.95","-110.45","2142.7","BASE CAMP, WY US","    0",",,T","    0",",,T","  239",",,T","   55",",,T","  143",",,T","   55",",,T","    0",",,T"
"USS0010F02S","2020-06-02","43.95","-110.45","2142.7","BASE CAMP, WY US",,,"    0",",,T","  221",",,T","   46",",,T","  124",",,T","   52",",,T","    0",",,T"
"USS0010F02S","2020-06-03","43.95","-110.45","2142.7","BASE CAMP, WY US","   25",",,T","    0",",,T","  220",",,T","   39",",,T","  109",",,T","   67",",,T","    0",",,T"
